 3.092740e-002  2.215420e+001  6.721560e-001
 3.120100e-002  2.238240e+001  6.811800e-001
 3.147460e-002  2.257200e+001  6.772050e-001
 3.174820e-002  2.279920e+001  6.670550e-001
 3.202190e-002  2.153780e+001  6.725770e-001
 3.229550e-002  2.152680e+001  6.560860e-001
 3.256910e-002  2.241840e+001  6.680680e-001
 3.284270e-002  2.160130e+001  6.543180e-001
 3.311630e-002  2.206000e+001  6.500010e-001
 3.338990e-002  2.272360e+001  6.655360e-001
 3.366350e-002  2.210000e+001  6.418170e-001
 3.393710e-002  2.167020e+001  6.460710e-001
 3.421080e-002  2.201220e+001  6.339040e-001
 3.448440e-002  2.181930e+001  6.319020e-001
 3.475800e-002  2.193060e+001  6.425710e-001
 3.503160e-002  2.180080e+001  6.304230e-001
 3.530520e-002  2.123280e+001  6.232720e-001
 3.557880e-002  2.124910e+001  6.195620e-001
 3.585240e-002  2.108560e+001  6.203880e-001
 3.612600e-002  2.127050e+001  6.243640e-001
 3.639970e-002  2.182170e+001  6.144650e-001
 3.667330e-002  2.092370e+001  6.147480e-001
 3.694690e-002  2.089580e+001  6.069720e-001
 3.722050e-002  2.031190e+001  6.052230e-001
 3.749410e-002  2.064710e+001  6.012050e-001
 3.776770e-002  2.129440e+001  6.014150e-001
 3.804130e-002  2.013240e+001  6.049390e-001
 3.831500e-002  2.040580e+001  6.000630e-001
 3.858860e-002  2.058490e+001  5.915470e-001
 3.886220e-002  2.056100e+001  5.842600e-001
 3.913580e-002  2.046660e+001  5.935600e-001
 3.940940e-002  2.007680e+001  5.884510e-001
 3.968300e-002  1.949800e+001  5.892260e-001
 3.995660e-002  2.026380e+001  5.764980e-001
 4.023020e-002  2.059690e+001  5.755290e-001
 4.050390e-002  2.062860e+001  5.825300e-001
 4.077750e-002  2.024410e+001  5.791940e-001
 4.105110e-002  2.033750e+001  5.740260e-001
 4.132470e-002  2.040980e+001  5.728750e-001
 4.159830e-002  1.947060e+001  5.714980e-001
 4.187190e-002  1.968590e+001  5.759180e-001
 4.214550e-002  1.954610e+001  5.608700e-001
 4.241910e-002  1.940560e+001  5.635900e-001
 4.269280e-002  1.935910e+001  5.611470e-001
 4.296640e-002  1.979370e+001  5.582660e-001
 4.324000e-002  1.954490e+001  5.617690e-001
 4.351360e-002  1.956640e+001  5.511530e-001
 4.378720e-002  1.989150e+001  5.573570e-001
 4.406080e-002  1.970470e+001  5.520650e-001
 4.433440e-002  1.946280e+001  5.458980e-001
 4.460800e-002  1.961040e+001  5.477960e-001
 4.488170e-002  1.929600e+001  5.449060e-001
 4.515530e-002  1.966670e+001  5.530370e-001
 4.542890e-002  1.914830e+001  5.390470e-001
 4.570250e-002  1.891660e+001  5.340060e-001
 4.597610e-002  1.872590e+001  5.401270e-001
 4.624970e-002  1.885310e+001  5.328190e-001
 4.652330e-002  1.808260e+001  5.372990e-001
 4.679700e-002  1.782320e+001  5.309180e-001
 4.707060e-002  1.781970e+001  5.257150e-001
 4.734420e-002  1.833360e+001  5.300580e-001
 4.761780e-002  1.821070e+001  5.275640e-001
 4.789140e-002  1.836360e+001  5.247650e-001
 4.816500e-002  1.777880e+001  5.206320e-001
 4.843860e-002  1.835920e+001  5.251690e-001
 4.871220e-002  1.805310e+001  5.214430e-001
 4.898590e-002  1.786240e+001  5.203280e-001
 4.925950e-002  1.769710e+001  5.123900e-001
 4.953310e-002  1.743240e+001  5.133930e-001
 4.980670e-002  1.757960e+001  5.186350e-001
 5.008030e-002  1.732580e+001  5.145390e-001
 5.035390e-002  1.738130e+001  5.048620e-001
 5.062750e-002  1.718230e+001  5.088510e-001
 5.090110e-002  1.733700e+001  5.091160e-001
 5.117480e-002  1.752220e+001  5.109140e-001
 5.144840e-002  1.744460e+001  5.043010e-001
 5.172200e-002  1.679550e+001  5.075690e-001
 5.199560e-002  1.760910e+001  5.038420e-001
 5.226920e-002  1.739040e+001  5.017220e-001
 5.254280e-002  1.711270e+001  4.973580e-001
 5.281640e-002  1.677380e+001  4.957550e-001
 5.309000e-002  1.704520e+001  5.004710e-001
 5.336370e-002  1.703180e+001  5.014630e-001
 5.363730e-002  1.689140e+001  4.980340e-001
 5.391090e-002  1.708040e+001  4.911510e-001
 5.418450e-002  1.714540e+001  4.886270e-001
 5.445810e-002  1.675730e+001  4.906890e-001
 5.473170e-002  1.664720e+001  4.913560e-001
 5.500530e-002  1.668040e+001  4.862850e-001
 5.527900e-002  1.678260e+001  4.849950e-001
 5.555260e-002  1.582160e+001  4.855370e-001
 5.582620e-002  1.606300e+001  4.868870e-001
 5.609980e-002  1.636320e+001  4.812000e-001
 5.637340e-002  1.637360e+001  4.852390e-001
 5.664700e-002  1.634230e+001  4.822570e-001
 5.692060e-002  1.584290e+001  4.858310e-001
 5.719420e-002  1.629490e+001  4.750750e-001
 5.746790e-002  1.598500e+001  4.703340e-001
 5.774150e-002  1.558340e+001  4.817590e-001
 5.801510e-002  1.556700e+001  4.745040e-001
 5.828870e-002  1.551590e+001  4.794740e-001
 5.856230e-002  1.542980e+001  4.697700e-001
 5.883590e-002  1.541750e+001  4.610520e-001
 5.910950e-002  1.587080e+001  4.688790e-001
 5.938310e-002  1.544080e+001  4.613280e-001
 5.965680e-002  1.590130e+001  4.766480e-001
 5.993040e-002  1.586030e+001  4.679770e-001
 6.020400e-002  1.538900e+001  4.694930e-001
 6.047760e-002  1.573440e+001  4.701400e-001
 6.075120e-002  1.582120e+001  4.597900e-001
 6.102480e-002  1.556000e+001  4.689790e-001
 6.129840e-002  1.520990e+001  4.621040e-001
 6.157200e-002  1.515330e+001  4.677110e-001
 6.184570e-002  1.468930e+001  4.672790e-001
 6.211930e-002  1.499720e+001  4.689630e-001
 6.239290e-002  1.481100e+001  4.683280e-001
 6.266650e-002  1.516650e+001  4.627900e-001
 6.294010e-002  1.508590e+001  4.547110e-001
 6.321370e-002  1.422360e+001  4.513520e-001
 6.348730e-002  1.462920e+001  4.628780e-001
 6.376100e-002  1.430010e+001  4.625670e-001
 6.403460e-002  1.356370e+001  4.349330e-001
 6.430820e-002  1.427770e+001  4.491150e-001
 6.458180e-002  1.480350e+001  4.580430e-001
 6.485540e-002  1.397570e+001  4.550040e-001
 6.512900e-002  1.365040e+001  4.564740e-001
 6.540260e-002  1.396380e+001  4.464150e-001
 6.567620e-002  1.334920e+001  4.389130e-001
 6.594990e-002  1.377970e+001  4.450060e-001
 6.622350e-002  1.431460e+001  4.520610e-001
 6.649710e-002  1.353700e+001  4.365290e-001
 6.677070e-002  1.346860e+001  4.472220e-001
 6.704430e-002  1.356500e+001  4.473710e-001
 6.731790e-002  1.309640e+001  4.427760e-001
 6.759150e-002  1.279910e+001  4.406840e-001
 6.786510e-002  1.312120e+001  4.395460e-001
 6.813880e-002  1.336750e+001  4.432480e-001
 6.841240e-002  1.359910e+001  4.478020e-001
 6.868600e-002  1.322460e+001  4.398320e-001
 6.895960e-002  1.293920e+001  4.365740e-001
 6.923320e-002  1.331660e+001  4.359550e-001
 6.950680e-002  1.340470e+001  4.413150e-001
 6.978040e-002  1.314360e+001  4.368340e-001
 7.005400e-002  1.302740e+001  4.400900e-001
 7.032770e-002  1.282640e+001  4.343280e-001
 7.060130e-002  1.277030e+001  4.304070e-001
 7.087490e-002  1.283260e+001  4.378040e-001
 7.114850e-002  1.307060e+001  4.379910e-001
 7.142210e-002  1.256610e+001  4.322040e-001
 7.169570e-002  1.320270e+001  4.396990e-001
 7.196930e-002  1.224850e+001  4.303440e-001
 7.224300e-002  1.258820e+001  4.296140e-001
 7.251660e-002  1.212220e+001  4.297840e-001
 7.279020e-002  1.207710e+001  4.239080e-001
 7.306380e-002  1.130850e+001  4.144440e-001
 7.333740e-002  1.246920e+001  4.295040e-001
 7.361100e-002  1.237890e+001  4.270800e-001
 7.388460e-002  1.184990e+001  4.216410e-001
 7.415820e-002  1.154780e+001  4.172490e-001
 7.443190e-002  1.120500e+001  4.189650e-001
 7.470550e-002  1.176090e+001  4.171900e-001
 7.497910e-002  1.196560e+001  4.225460e-001
 7.525270e-002  1.190340e+001  4.186980e-001
 7.552630e-002  1.167620e+001  4.236630e-001
 7.579990e-002  1.233820e+001  4.181920e-001
 7.607350e-002  1.184590e+001  4.174060e-001
 7.634710e-002  1.125050e+001  4.180590e-001
 7.662080e-002  1.111100e+001  4.164450e-001
 7.689440e-002  1.150860e+001  4.187730e-001
 7.716800e-002  1.187400e+001  4.244820e-001
 7.744160e-002  1.180470e+001  4.243320e-001
 7.771520e-002  1.138040e+001  4.161240e-001
 7.798880e-002  1.167160e+001  4.156720e-001
 7.826240e-002  1.130840e+001  4.162660e-001
 7.853600e-002  1.094210e+001  4.160810e-001
 7.880970e-002  1.072140e+001  4.108450e-001
 7.908330e-002  1.109560e+001  4.115520e-001
 7.935690e-002  1.063130e+001  4.136480e-001
 7.963050e-002  1.059400e+001  4.063300e-001
 7.990410e-002  1.029500e+001  4.013520e-001
 8.017770e-002  1.035080e+001  4.055070e-001
 8.045130e-002  1.069850e+001  4.034530e-001
 8.072500e-002  1.088840e+001  4.131070e-001
 8.099860e-002  1.055450e+001  4.019250e-001
 8.127220e-002  9.971730e+000  4.016780e-001
 8.154580e-002  9.980670e+000  4.021410e-001
 8.181940e-002  9.856240e+000  4.022800e-001
 8.209300e-002  1.024120e+001  4.041830e-001
 8.236660e-002  1.052580e+001  4.074380e-001
 8.264020e-002  1.014070e+001  4.008760e-001
 8.291390e-002  1.044520e+001  3.981120e-001
 8.318750e-002  1.020180e+001  4.044550e-001
 8.346110e-002  1.012320e+001  4.095390e-001
 8.373470e-002  9.839340e+000  4.082710e-001
 8.400830e-002  9.986090e+000  3.991620e-001
 8.428190e-002  9.766500e+000  4.013490e-001
 8.455550e-002  9.407800e+000  4.037010e-001
 8.482910e-002  9.460340e+000  4.026850e-001
 8.510280e-002  9.127250e+000  4.030050e-001
 8.537640e-002  8.970010e+000  4.060660e-001
 8.565000e-002  9.089350e+000  4.035090e-001
 8.592360e-002  8.895000e+000  4.107190e-001
 8.619720e-002  9.381830e+000  4.190700e-001
 8.647080e-002  9.460300e+000  4.097830e-001
 8.674440e-002  9.384370e+000  4.206420e-001
 8.701800e-002  9.312530e+000  4.116630e-001
 8.729170e-002  8.884000e+000  4.143340e-001
 8.756530e-002  8.750150e+000  4.113750e-001
 8.783890e-002  8.737980e+000  4.101480e-001
 8.811250e-002  8.505960e+000  4.158760e-001
 8.838610e-002  7.912710e+000  4.055000e-001
 8.865970e-002  8.644180e+000  4.075350e-001
 8.893330e-002  8.394080e+000  4.147010e-001
 8.920700e-002  7.839550e+000  4.077540e-001
 8.948060e-002  8.395430e+000  4.070350e-001
 8.975420e-002  7.790380e+000  4.018870e-001
 9.002780e-002  8.120270e+000  4.128750e-001
 9.030140e-002  8.356620e+000  4.125170e-001
 9.057500e-002  8.224720e+000  4.067330e-001
 9.084860e-002  7.802680e+000  4.063140e-001
 9.112220e-002  8.505900e+000  4.175750e-001
 9.139590e-002  8.722720e+000  4.214620e-001
 9.166950e-002  8.439160e+000  4.173070e-001
 9.194310e-002  8.349030e+000  4.125990e-001
 9.221670e-002  7.902650e+000  4.152460e-001
 9.249030e-002  7.980530e+000  4.116290e-001
 9.276390e-002  7.761720e+000  4.136420e-001
 9.303750e-002  7.869290e+000  4.147140e-001
 9.331110e-002  7.634110e+000  4.142430e-001
 9.358480e-002  7.881760e+000  4.128840e-001
 9.385840e-002  7.762320e+000  4.169970e-001
 9.413200e-002  7.805050e+000  4.133460e-001
 9.440560e-002  7.731650e+000  4.069320e-001
 9.467920e-002  6.939600e+000  4.136820e-001
 9.495280e-002  7.247130e+000  4.164270e-001
 9.522640e-002  7.481150e+000  4.185950e-001
 9.550000e-002  6.706860e+000  4.105940e-001
 9.577370e-002  7.115550e+000  4.155280e-001
 9.604730e-002  6.819660e+000  4.222730e-001
 9.632090e-002  6.874790e+000  4.114380e-001
 9.659450e-002  6.933390e+000  4.117850e-001
 9.686810e-002  7.413980e+000  4.162430e-001
 9.714170e-002  7.163340e+000  4.236430e-001
 9.741530e-002  6.628410e+000  4.216630e-001
 9.768900e-002  7.239140e+000  4.084930e-001
 9.796260e-002  6.765150e+000  4.126140e-001
 9.823620e-002  7.461020e+000  4.223410e-001
 9.850980e-002  7.038300e+000  4.243960e-001
 9.878340e-002  6.847570e+000  4.234780e-001
 9.905700e-002  6.694140e+000  4.093550e-001
 9.933060e-002  6.545560e+000  4.133370e-001
 9.960420e-002  6.535710e+000  4.086260e-001
 9.987790e-002  6.691920e+000  4.157030e-001
 1.001510e-001  6.158440e+000  4.087790e-001
 1.004250e-001  6.009100e+000  4.130050e-001
 1.006990e-001  6.223930e+000  4.159350e-001
 1.009720e-001  6.410420e+000  4.117220e-001
 1.012460e-001  6.535700e+000  4.057170e-001
 1.015200e-001  6.919930e+000  4.133490e-001
 1.017930e-001  6.420480e+000  4.161020e-001
 1.020670e-001  6.572770e+000  4.194000e-001
 1.023400e-001  6.133030e+000  4.086190e-001
 1.026140e-001  6.077790e+000  4.071070e-001
 1.028880e-001  5.905200e+000  2.821930e-001
 1.031610e-001  5.786690e+000  1.659320e-001
 1.034350e-001  6.008640e+000  1.646180e-001
 1.037080e-001  5.858290e+000  1.598950e-001
 1.039820e-001  5.676550e+000  1.623430e-001
 1.042560e-001  5.652780e+000  1.641590e-001
 1.045290e-001  5.700700e+000  1.602190e-001
 1.048030e-001  5.872200e+000  1.649000e-001
 1.050760e-001  5.748870e+000  1.658210e-001
 1.053500e-001  5.624560e+000  1.651030e-001
 1.056240e-001  5.369540e+000  1.613990e-001
 1.058970e-001  5.491140e+000  1.622480e-001
 1.061710e-001  5.435920e+000  1.617870e-001
 1.064450e-001  5.294840e+000  1.627580e-001
 1.067180e-001  5.279040e+000  1.623170e-001
 1.069920e-001  5.397360e+000  1.613310e-001
 1.072650e-001  5.401790e+000  1.611630e-001
 1.075390e-001  5.372200e+000  1.629970e-001
 1.078130e-001  5.170920e+000  1.631210e-001
 1.080860e-001  5.084770e+000  1.603440e-001
 1.083600e-001  5.162150e+000  1.615010e-001
 1.086330e-001  5.216910e+000  1.711870e-001
 1.089070e-001  5.041380e+000  1.296170e-001
 1.091810e-001  5.118600e+000  1.332750e-001
 1.094540e-001  4.992600e+000  1.289590e-001
 1.097280e-001  4.899410e+000  1.299800e-001
 1.100020e-001  4.602260e+000  1.282680e-001
 1.102750e-001  4.739670e+000  1.273100e-001
 1.105490e-001  4.760240e+000  1.291490e-001
 1.108220e-001  4.812170e+000  1.308350e-001
 1.110960e-001  4.764710e+000  1.292060e-001
 1.113700e-001  4.847630e+000  1.276860e-001
 1.116430e-001  4.564860e+000  1.252590e-001
 1.119170e-001  4.472340e+000  1.272380e-001
 1.121900e-001  4.427130e+000  1.283620e-001
 1.124640e-001  4.469860e+000  1.272650e-001
 1.127380e-001  4.563770e+000  1.289460e-001
 1.130110e-001  4.565580e+000  1.284850e-001
 1.132850e-001  4.484350e+000  1.295550e-001
 1.135580e-001  4.348470e+000  1.250880e-001
 1.138320e-001  4.338720e+000  1.275220e-001
 1.141060e-001  4.398260e+000  1.291670e-001
 1.143790e-001  4.397480e+000  1.290360e-001
 1.146530e-001  4.275480e+000  1.286750e-001
 1.149270e-001  4.216980e+000  1.268820e-001
 1.152000e-001  4.232780e+000  1.271450e-001
 1.154740e-001  4.063220e+000  1.248390e-001
 1.157470e-001  4.048440e+000  1.270320e-001
 1.160210e-001  4.193950e+000  1.269550e-001
 1.162950e-001  4.027060e+000  1.255200e-001
 1.165680e-001  3.877490e+000  1.251520e-001
 1.168420e-001  3.949970e+000  1.288650e-001
 1.171150e-001  4.065520e+000  1.281840e-001
 1.173890e-001  4.097350e+000  1.293480e-001
 1.176630e-001  3.864270e+000  1.277650e-001
 1.179360e-001  3.777960e+000  1.266870e-001
 1.182100e-001  3.781400e+000  1.273590e-001
 1.184840e-001  3.731110e+000  1.260550e-001
 1.187570e-001  3.777930e+000  1.262410e-001
 1.190310e-001  3.651820e+000  1.268420e-001
 1.193040e-001  3.602130e+000  1.261020e-001
 1.195780e-001  3.592810e+000  1.279380e-001
 1.198520e-001  3.700270e+000  1.269280e-001
 1.201250e-001  3.632680e+000  1.271050e-001
 1.203990e-001  3.516050e+000  1.282830e-001
 1.206720e-001  3.574310e+000  1.261400e-001
 1.209460e-001  3.396690e+000  1.263980e-001
 1.212200e-001  3.326630e+000  1.239880e-001
 1.214930e-001  3.490140e+000  1.267440e-001
 1.217670e-001  3.478900e+000  1.263500e-001
 1.220400e-001  3.422050e+000  1.267950e-001
 1.223140e-001  3.386810e+000  1.256040e-001
 1.225880e-001  3.298470e+000  1.790380e-001
 1.228610e-001  3.304280e+000  9.378030e-002
 1.234090e-001  3.338530e+000  1.502300e-001
 1.236820e-001  3.334120e+000  1.295870e-001
 1.239560e-001  3.210510e+000  1.284950e-001
 1.242290e-001  3.065560e+000  1.254680e-001
 1.245030e-001  3.118970e+000  1.335070e-001
 1.247770e-001  3.187760e+000  1.382980e-001
 1.250500e-001  3.085340e+000  1.734010e-001
 1.253240e-001  3.086530e+000  1.100940e-001
 1.255970e-001  3.060990e+000  1.113210e-001
 1.258710e-001  3.134770e+000  1.146960e-001
 1.261450e-001  2.918720e+000  1.144640e-001
 1.264180e-001  2.802680e+000  1.164450e-001
 1.266920e-001  2.841070e+000  1.194270e-001
 1.269660e-001  2.746010e+000  1.177580e-001
 1.272390e-001  2.646070e+000  1.194680e-001
 1.275130e-001  2.834860e+000  1.236500e-001
 1.277860e-001  2.943990e+000  1.146540e-001
 1.280600e-001  2.929960e+000  1.102780e-001
 1.283340e-001  2.916290e+000  1.046960e-001
 1.286070e-001  2.727590e+000  1.036830e-001
 1.288810e-001  2.722560e+000  1.018730e-001
 1.291540e-001  2.818390e+000  1.016540e-001
 1.294280e-001  2.756050e+000  9.986720e-002
 1.297020e-001  2.562180e+000  9.848410e-002
 1.299750e-001  2.533380e+000  9.660500e-002
 1.302490e-001  2.403600e+000  9.668030e-002
 1.305220e-001  2.414530e+000  9.648300e-002
 1.307960e-001  2.534170e+000  1.032670e-001
 1.310700e-001  2.502610e+000  7.323440e-002
 1.313430e-001  2.526860e+000  7.372370e-002
 1.316170e-001  2.492450e+000  7.326570e-002
 1.318910e-001  2.371150e+000  7.279490e-002
 1.321640e-001  2.473540e+000  7.347890e-002
 1.324380e-001  2.550400e+000  7.516250e-002
 1.327110e-001  2.436420e+000  7.453100e-002
 1.329850e-001  2.285350e+000  7.212800e-002
 1.332590e-001  2.310850e+000  7.282960e-002
 1.335320e-001  2.276520e+000  7.346370e-002
 1.338060e-001  2.306590e+000  7.413880e-002
 1.340790e-001  2.306750e+000  7.335220e-002
 1.343530e-001  2.253170e+000  7.359170e-002
 1.346270e-001  2.175670e+000  7.212910e-002
 1.349000e-001  2.265620e+000  7.326700e-002
 1.351740e-001  2.299520e+000  7.319160e-002
 1.354480e-001  2.213890e+000  7.175490e-002
 1.357210e-001  2.174890e+000  7.158440e-002
 1.359950e-001  2.168240e+000  7.305770e-002
 1.362680e-001  2.075270e+000  7.218750e-002
 1.365420e-001  2.011810e+000  7.249630e-002
 1.368160e-001  2.013390e+000  7.192820e-002
 1.370890e-001  1.980660e+000  7.100760e-002
 1.373630e-001  1.967390e+000  7.063470e-002
 1.376360e-001  1.982730e+000  7.096990e-002
 1.379100e-001  1.922330e+000  7.038940e-002
 1.381840e-001  1.954170e+000  7.235710e-002
 1.384570e-001  1.959230e+000  7.275800e-002
 1.387310e-001  1.965290e+000  7.164370e-002
 1.390040e-001  1.847180e+000  7.058980e-002
 1.392780e-001  1.828920e+000  6.995300e-002
 1.395520e-001  1.869620e+000  7.159380e-002
 1.398250e-001  1.851880e+000  7.101510e-002
 1.400990e-001  1.835160e+000  7.060610e-002
 1.403730e-001  1.799710e+000  7.136130e-002
 1.406460e-001  1.826160e+000  7.249360e-002
 1.409200e-001  1.840850e+000  7.157380e-002
 1.411930e-001  1.787010e+000  7.051840e-002
 1.414670e-001  1.787030e+000  7.152950e-002
 1.417410e-001  1.724120e+000  7.079630e-002
 1.420140e-001  1.705810e+000  7.031780e-002
 1.422880e-001  1.769840e+000  7.072040e-002
 1.425610e-001  1.647660e+000  7.009340e-002
 1.428350e-001  1.693120e+000  7.065400e-002
 1.431090e-001  1.671780e+000  7.087160e-002
 1.433820e-001  1.670990e+000  6.977480e-002
 1.436560e-001  1.586050e+000  7.097770e-002
 1.439300e-001  1.549990e+000  7.305410e-002
 1.442030e-001  1.620820e+000  7.393410e-002
 1.444770e-001  1.575200e+000  6.951120e-002
 1.447500e-001  1.565330e+000  7.033970e-002
 1.450240e-001  1.525630e+000  6.926290e-002
 1.452980e-001  1.539520e+000  6.944650e-002
 1.455710e-001  1.483870e+000  6.931810e-002
 1.458450e-001  1.491150e+000  7.124770e-002
 1.461180e-001  1.443810e+000  7.121760e-002
 1.463920e-001  1.419600e+000  7.038000e-002
 1.466660e-001  1.454550e+000  6.986440e-002
 1.469390e-001  1.421070e+000  6.889690e-002
 1.472130e-001  1.441470e+000  6.966180e-002
 1.474860e-001  1.394930e+000  6.905130e-002
 1.477600e-001  1.375060e+000  6.993790e-002
 1.480340e-001  1.425440e+000  6.930250e-002
 1.483070e-001  1.396850e+000  6.962450e-002
 1.485810e-001  1.288410e+000  6.947430e-002
 1.488550e-001  1.279310e+000  7.155970e-002
 1.491280e-001  1.289980e+000  6.931210e-002
 1.494020e-001  1.196270e+000  6.907060e-002
 1.496750e-001  1.192320e+000  6.795160e-002
 1.499490e-001  1.282230e+000  6.893320e-002
 1.502230e-001  1.292960e+000  6.858260e-002
 1.504960e-001  1.244020e+000  6.869020e-002
 1.507700e-001  1.228730e+000  6.838860e-002
 1.510430e-001  1.219780e+000  6.736200e-002
 1.513170e-001  1.211560e+000  6.710580e-002
 1.515910e-001  1.196220e+000  6.802220e-002
 1.518640e-001  1.207210e+000  6.873910e-002
 1.521380e-001  1.145480e+000  6.758090e-002
 1.524120e-001  1.169670e+000  7.857210e-002
 1.526850e-001  1.146890e+000  5.109790e-002
 1.529590e-001  1.120550e+000  5.098160e-002
 1.532320e-001  1.145830e+000  5.160350e-002
 1.535060e-001  1.085530e+000  5.168700e-002
 1.537800e-001  1.158690e+000  5.094900e-002
 1.540530e-001  1.179470e+000  5.138190e-002
 1.543270e-001  1.105620e+000  5.072860e-002
 1.546000e-001  1.120090e+000  5.075380e-002
 1.548740e-001  1.107630e+000  5.001960e-002
 1.551480e-001  1.033590e+000  4.955610e-002
 1.554210e-001  1.012360e+000  4.964420e-002
 1.556950e-001  1.057980e+000  5.130430e-002
 1.559680e-001  9.747390e-001  5.006120e-002
 1.562420e-001  9.538660e-001  4.991980e-002
 1.565160e-001  9.769760e-001  5.086550e-002
 1.567890e-001  9.828680e-001  5.037930e-002
 1.570630e-001  9.905220e-001  5.031770e-002
 1.573370e-001  1.001440e+000  5.016580e-002
 1.576100e-001  1.011020e+000  5.020150e-002
 1.578840e-001  8.839860e-001  4.962390e-002
 1.581570e-001  9.635000e-001  5.251300e-002
 1.584310e-001  9.694110e-001  4.029650e-002
 1.587050e-001  8.900220e-001  4.019740e-002
 1.589780e-001  9.271630e-001  4.058750e-002
 1.592520e-001  8.835100e-001  4.020270e-002
 1.595250e-001  9.048380e-001  4.077960e-002
 1.597990e-001  9.181080e-001  4.069310e-002
 1.600730e-001  8.765550e-001  3.968990e-002
 1.603460e-001  8.826630e-001  4.064790e-002
 1.606200e-001  8.747340e-001  3.961960e-002
 1.608940e-001  8.569450e-001  3.919700e-002
 1.611670e-001  8.438140e-001  3.969750e-002
 1.614410e-001  8.189180e-001  3.997140e-002
 1.617140e-001  8.322440e-001  3.988440e-002
 1.619880e-001  8.004930e-001  3.865080e-002
 1.622620e-001  8.088160e-001  3.917770e-002
 1.625350e-001  7.958700e-001  3.950370e-002
 1.628090e-001  7.934380e-001  3.991310e-002
 1.630820e-001  7.522260e-001  3.881030e-002
 1.633560e-001  7.860130e-001  4.042680e-002
 1.636300e-001  8.039040e-001  3.996640e-002
 1.639030e-001  7.596860e-001  3.952780e-002
 1.641770e-001  7.931420e-001  3.946450e-002
 1.644500e-001  7.700760e-001  3.942660e-002
 1.647240e-001  7.037910e-001  3.951310e-002
 1.649980e-001  6.812650e-001  3.933290e-002
 1.652710e-001  6.651600e-001  3.980880e-002
 1.655450e-001  7.026750e-001  3.964440e-002
 1.658190e-001  6.748770e-001  3.988200e-002
 1.660920e-001  6.887740e-001  3.941070e-002
 1.663660e-001  6.648670e-001  3.909690e-002
 1.666390e-001  6.370270e-001  3.851280e-002
 1.669130e-001  6.788550e-001  3.935940e-002
 1.671870e-001  6.300070e-001  3.954760e-002
 1.674600e-001  7.170110e-001  3.934410e-002
 1.677340e-001  6.408690e-001  3.874110e-002
 1.680070e-001  6.870780e-001  3.920690e-002
 1.682810e-001  6.292750e-001  3.925790e-002
 1.685550e-001  6.375720e-001  3.949390e-002
 1.688280e-001  6.084770e-001  3.924480e-002
 1.691020e-001  6.214150e-001  3.969840e-002
 1.693760e-001  6.422060e-001  3.898960e-002
 1.696490e-001  6.061980e-001  3.976740e-002
 1.699230e-001  6.276990e-001  3.976600e-002
 1.701960e-001  5.979870e-001  3.909300e-002
 1.704700e-001  5.704530e-001  3.916360e-002
 1.707440e-001  5.688600e-001  3.937150e-002
 1.710170e-001  5.459330e-001  3.908270e-002
 1.712910e-001  5.514850e-001  3.931700e-002
 1.715640e-001  5.870330e-001  3.927470e-002
 1.718380e-001  6.033310e-001  3.898430e-002
 1.721120e-001  5.409090e-001  3.934980e-002
 1.723850e-001  5.253260e-001  3.879340e-002
 1.726590e-001  5.200140e-001  3.925480e-002
 1.729320e-001  4.991490e-001  3.875110e-002
 1.732060e-001  5.241660e-001  3.884000e-002
 1.734800e-001  5.309470e-001  3.869500e-002
 1.737530e-001  5.506190e-001  3.868790e-002
 1.740270e-001  5.387410e-001  3.850050e-002
 1.743010e-001  5.222260e-001  3.850070e-002
 1.745740e-001  4.978090e-001  3.781380e-002
 1.748480e-001  5.270410e-001  3.892720e-002
 1.751210e-001  4.901040e-001  3.885770e-002
 1.753950e-001  5.036310e-001  3.878460e-002
 1.756690e-001  5.012990e-001  3.790970e-002
 1.759420e-001  4.873190e-001  3.804130e-002
 1.762160e-001  4.735150e-001  3.921450e-002
 1.764890e-001  4.934950e-001  3.891430e-002
 1.767630e-001  4.750420e-001  3.919470e-002
 1.770370e-001  4.441650e-001  3.884440e-002
 1.773100e-001  4.635350e-001  3.900960e-002
 1.775840e-001  4.768640e-001  3.850640e-002
 1.778580e-001  4.849140e-001  3.933180e-002
 1.781310e-001  4.300520e-001  3.842370e-002
 1.784050e-001  4.414410e-001  3.787360e-002
 1.786780e-001  4.355500e-001  3.831490e-002
 1.789520e-001  3.818690e-001  3.771900e-002
 1.792260e-001  4.129300e-001  3.859900e-002
 1.794990e-001  3.936400e-001  3.772610e-002
 1.797730e-001  3.595780e-001  3.850140e-002
 1.800460e-001  4.136540e-001  3.798330e-002
 1.803200e-001  4.212510e-001  3.778480e-002
 1.805940e-001  4.665610e-001  3.830600e-002
 1.808670e-001  4.638440e-001  3.908300e-002
 1.811410e-001  4.303110e-001  3.865630e-002
 1.814140e-001  4.274990e-001  3.792850e-002
 1.816880e-001  3.982250e-001  3.798670e-002
 1.819620e-001  4.120810e-001  3.843030e-002
 1.822350e-001  3.709270e-001  3.835240e-002
 1.825090e-001  3.548960e-001  3.872350e-002
 1.827830e-001  4.011600e-001  3.848110e-002
 1.830560e-001  3.638490e-001  3.856610e-002
 1.833300e-001  3.886140e-001  3.826390e-002
 1.836030e-001  3.453820e-001  3.795390e-002
 1.838770e-001  3.507860e-001  3.820480e-002
 1.841510e-001  3.502060e-001  3.804640e-002
 1.844240e-001  3.591060e-001  3.771030e-002
 1.846980e-001  3.816660e-001  3.783630e-002
 1.849710e-001  3.574360e-001  3.808970e-002
 1.852450e-001  3.715690e-001  3.852940e-002
 1.855190e-001  3.448390e-001  3.943860e-002
 1.857920e-001  3.841720e-001  4.112490e-002
 1.860660e-001  3.433460e-001  4.097880e-002
 1.863400e-001  3.629440e-001  4.191940e-002
 1.866130e-001  3.178320e-001  4.152540e-002
 1.868870e-001  3.042480e-001  4.127640e-002
 1.871600e-001  3.027160e-001  4.103340e-002
 1.874340e-001  3.158150e-001  4.167250e-002
 1.877080e-001  3.815200e-001  4.160570e-002
 1.879810e-001  3.785160e-001  4.127330e-002
 1.882550e-001  3.535130e-001  4.109820e-002
 1.885280e-001  3.247890e-001  4.099270e-002
 1.888020e-001  2.643950e-001  4.060010e-002
 1.890760e-001  2.836310e-001  4.043270e-002
 1.893490e-001  2.895390e-001  4.029340e-002
 1.896230e-001  2.939970e-001  4.009500e-002
 1.898960e-001  2.952020e-001  4.054550e-002
 1.901700e-001  3.193590e-001  4.053460e-002
 1.904440e-001  2.825610e-001  4.091340e-002
 1.907170e-001  2.565270e-001  4.022630e-002
 1.909910e-001  2.751220e-001  4.022610e-002
 1.912650e-001  2.449500e-001  4.047570e-002
 1.915380e-001  2.385660e-001  4.078820e-002
 1.918120e-001  1.989430e-001  4.070000e-002
 1.920850e-001  2.576570e-001  4.130580e-002
 1.923590e-001  2.551000e-001  4.124200e-002
 1.926330e-001  2.569650e-001  4.037000e-002
 1.929060e-001  2.471500e-001  4.002360e-002
 1.931800e-001  2.602150e-001  4.052230e-002
 1.934530e-001  2.374380e-001  4.139910e-002
 1.937270e-001  2.720050e-001  4.085470e-002
 1.940010e-001  2.342990e-001  3.863180e-002
 1.942740e-001  2.557830e-001  4.054510e-002
 1.945480e-001  2.348580e-001  4.132120e-002
 1.948220e-001  2.337590e-001  4.132740e-002
 1.950950e-001  2.911300e-001  4.080100e-002
 1.953690e-001  2.715800e-001  4.117850e-002
 1.956420e-001  2.219750e-001  4.194440e-002
 1.959160e-001  2.480770e-001  4.062950e-002
 1.961900e-001  1.888930e-001  4.109960e-002
 1.964630e-001  2.131330e-001  4.089970e-002
 1.967370e-001  2.317980e-001  4.081360e-002
 1.970100e-001  2.398840e-001  4.047070e-002
 1.972840e-001  2.575770e-001  4.031000e-002
 1.975580e-001  2.410710e-001  4.053780e-002
 1.978310e-001  2.255770e-001  4.064490e-002
 1.981050e-001  2.521000e-001  4.090550e-002
 1.983780e-001  2.130600e-001  4.136140e-002
 1.986520e-001  1.766460e-001  4.105450e-002
 1.989260e-001  2.100750e-001  4.112790e-002
 1.991990e-001  2.177840e-001  4.031240e-002
 1.994730e-001  1.833870e-001  4.001430e-002
 1.997470e-001  1.995890e-001  4.063670e-002
 2.000200e-001  2.659140e-001  4.079790e-002
 2.002940e-001  1.902140e-001  4.002580e-002
 2.005670e-001  1.795510e-001  4.025080e-002
 2.008410e-001  1.932620e-001  3.976240e-002
 2.011150e-001  2.389330e-001  4.071980e-002
 2.013880e-001  2.353220e-001  4.021760e-002
 2.016620e-001  1.993780e-001  4.104160e-002
 2.019350e-001  2.053430e-001  4.081570e-002
 2.022090e-001  2.038340e-001  4.078110e-002
 2.024830e-001  1.803730e-001  4.036020e-002
 2.027560e-001  2.253440e-001  4.053880e-002
 2.030300e-001  1.673590e-001  4.022620e-002
 2.033040e-001  2.333260e-001  4.119950e-002
 2.035770e-001  2.175090e-001  4.020690e-002
 2.038510e-001  2.114050e-001  4.012790e-002
 2.041240e-001  1.687920e-001  4.060220e-002
 2.043980e-001  1.633030e-001  4.037840e-002
 2.046720e-001  2.151160e-001  4.054250e-002
 2.049450e-001  2.004510e-001  4.005330e-002
 2.052190e-001  1.944330e-001  3.991250e-002
 2.054920e-001  1.904210e-001  3.948840e-002
 2.057660e-001  1.998840e-001  4.029520e-002
 2.060400e-001  2.073190e-001  4.009280e-002
 2.063130e-001  2.100880e-001  4.067920e-002
 2.065870e-001  1.909900e-001  4.057070e-002
 2.068600e-001  1.502250e-001  4.055250e-002
 2.071340e-001  1.829490e-001  4.076700e-002
 2.074080e-001  1.639690e-001  3.993250e-002
 2.076810e-001  2.175940e-001  4.004770e-002
 2.079550e-001  1.656090e-001  4.074340e-002
 2.082290e-001  1.464620e-001  4.131450e-002
 2.085020e-001  1.400070e-001  4.057000e-002
 2.087760e-001  1.489750e-001  3.980800e-002
 2.090490e-001  1.841230e-001  3.945790e-002
 2.093230e-001  1.941190e-001  3.982370e-002
 2.095970e-001  1.500250e-001  3.983520e-002
 2.098700e-001  1.657190e-001  3.966370e-002
 2.101440e-001  1.870640e-001  4.028830e-002
 2.104170e-001  2.123430e-001  3.984150e-002
 2.106910e-001  1.955290e-001  3.997800e-002
 2.109650e-001  1.361610e-001  3.965870e-002
 2.112380e-001  1.752450e-001  3.986520e-002
 2.115120e-001  1.855790e-001  3.993930e-002
 2.117860e-001  1.559470e-001  4.062910e-002
 2.120590e-001  1.612110e-001  3.984480e-002
 2.123330e-001  2.090250e-001  4.010730e-002
 2.126060e-001  2.113840e-001  3.937920e-002
 2.128800e-001  1.779730e-001  4.029090e-002
 2.131540e-001  1.647240e-001  4.035090e-002
 2.134270e-001  1.618230e-001  3.975050e-002
 2.137010e-001  1.783240e-001  3.986160e-002
 2.139740e-001  1.908450e-001  3.962290e-002
 2.142480e-001  1.836300e-001  3.895880e-002
 2.145220e-001  1.828890e-001  4.061810e-002
 2.147950e-001  2.161060e-001  4.088880e-002
 2.150690e-001  1.799220e-001  4.148440e-002
 2.153420e-001  1.715010e-001  4.037620e-002
 2.156160e-001  1.098200e-001  3.998790e-002
 2.158900e-001  1.368500e-001  4.038170e-002
 2.161630e-001  1.287930e-001  4.003510e-002
 2.164370e-001  1.569980e-001  3.922550e-002
 2.167110e-001  1.589300e-001  3.919390e-002
 2.169840e-001  1.949790e-001  3.928680e-002
 2.172580e-001  1.456880e-001  3.944580e-002
 2.175310e-001  1.374960e-001  3.906970e-002
 2.178050e-001  1.691360e-001  3.884980e-002
 2.180790e-001  1.672030e-001  4.026530e-002
 2.183520e-001  1.671620e-001  3.978430e-002
 2.186260e-001  1.611570e-001  4.025870e-002
 2.188990e-001  1.511460e-001  3.997780e-002
 2.191730e-001  1.275240e-001  3.977310e-002
 2.194470e-001  1.628850e-001  3.947090e-002
 2.197200e-001  1.243140e-001  3.902730e-002
 2.199940e-001  2.100790e-001  4.025920e-002
 2.202680e-001  1.734550e-001  4.016070e-002
 2.205410e-001  1.494400e-001  3.967740e-002
 2.208150e-001  1.358220e-001  3.921090e-002
 2.210880e-001  1.307260e-001  3.949420e-002
 2.213620e-001  1.675320e-001  3.976600e-002
 2.216360e-001  1.646160e-001  3.950440e-002
 2.219090e-001  1.445400e-001  3.948540e-002
 2.221830e-001  1.383950e-001  3.935060e-002
 2.224560e-001  1.078990e-001  4.029990e-002
 2.227300e-001  1.617120e-001  3.916980e-002
 2.230040e-001  1.419930e-001  3.960940e-002
 2.232770e-001  8.921640e-002  3.961020e-002
 2.235510e-001  1.138290e-001  4.008080e-002
 2.238240e-001  2.229420e-001  3.934330e-002
 2.240980e-001  1.482080e-001  3.935730e-002
 2.243720e-001  1.211620e-001  3.922710e-002
 2.246450e-001  1.464210e-001  4.011150e-002
 2.249190e-001  1.157530e-001  3.954010e-002
 2.251930e-001  1.529950e-001  3.929450e-002
 2.254660e-001  1.573180e-001  3.922260e-002
 2.257400e-001  1.628940e-001  3.897900e-002
 2.260130e-001  1.352850e-001  3.941710e-002
 2.262870e-001  1.368700e-001  3.955740e-002
 2.265610e-001  1.416510e-001  3.971210e-002
 2.268340e-001  1.484190e-001  3.922430e-002
 2.271080e-001  1.654130e-001  3.970540e-002
 2.273810e-001  1.382310e-001  3.958030e-002
 2.276550e-001  1.660300e-001  3.993180e-002
 2.279290e-001  1.312620e-001  3.929860e-002
 2.282020e-001  1.093900e-001  3.945270e-002
 2.284760e-001  8.042450e-002  3.928750e-002
 2.287500e-001  1.587230e-001  3.908090e-002
 2.290230e-001  1.620190e-001  3.932190e-002
 2.292970e-001  1.377800e-001  3.950730e-002
 2.295700e-001  1.571040e-001  3.941760e-002
 2.298440e-001  1.783500e-001  3.933730e-002
 2.301180e-001  1.608870e-001  3.983740e-002
 2.303910e-001  1.669290e-001  3.954270e-002
 2.306650e-001  1.149560e-001  3.887510e-002
 2.309380e-001  1.447000e-001  3.992950e-002
 2.312120e-001  1.354350e-001  3.812610e-002
 2.314860e-001  1.294480e-001  3.892420e-002
 2.317590e-001  1.406670e-001  3.917080e-002
 2.320330e-001  1.272350e-001  3.983080e-002
 2.323060e-001  1.481740e-001  3.975780e-002
 2.325800e-001  1.478460e-001  3.971950e-002
 2.328540e-001  1.233340e-001  3.911470e-002
 2.331270e-001  1.519150e-001  3.852820e-002
 2.334010e-001  1.377600e-001  3.959400e-002
 2.336750e-001  1.124560e-001  3.994930e-002
 2.339480e-001  1.746710e-001  3.897930e-002
 2.342220e-001  1.601670e-001  3.952440e-002
 2.344950e-001  1.778700e-001  3.909260e-002
 2.347690e-001  1.721860e-001  3.925280e-002
 2.350430e-001  1.070050e-001  3.899970e-002
 2.353160e-001  8.717930e-002  4.039490e-002
 2.355900e-001  1.149760e-001  3.955770e-002
 2.358630e-001  1.237720e-001  3.877360e-002
 2.361370e-001  1.654570e-001  3.936080e-002
 2.364110e-001  1.764310e-001  3.990820e-002
 2.366840e-001  1.945460e-001  3.956380e-002
 2.369580e-001  1.920420e-001  3.893080e-002
 2.372320e-001  1.384630e-001  3.966400e-002
 2.375050e-001  1.498790e-001  3.941250e-002
 2.377790e-001  1.242430e-001  3.988070e-002
 2.380520e-001  1.560680e-001  3.908480e-002
 2.383260e-001  1.208670e-001  3.854470e-002
 2.386000e-001  1.282540e-001  3.971840e-002
 2.388730e-001  9.403260e-002  3.994460e-002
 2.391470e-001  1.719760e-001  3.963500e-002
 2.394200e-001  1.581560e-001  4.003780e-002
 2.396940e-001  1.353970e-001  3.997420e-002
 2.399680e-001  1.425000e-001  3.978550e-002
 2.402410e-001  1.395760e-001  3.952460e-002
 2.405150e-001  1.514420e-001  3.966360e-002
 2.407880e-001  2.064260e-001  3.933560e-002
 2.410620e-001  2.041790e-001  3.838020e-002
 2.413360e-001  1.336660e-001  3.880470e-002
 2.416090e-001  1.261020e-001  3.909130e-002
 2.418830e-001  1.526920e-001  3.850660e-002
 2.421570e-001  1.295840e-001  3.872280e-002
 2.424300e-001  1.561450e-001  3.815650e-002
 2.427040e-001  1.332440e-001  3.830060e-002
 2.429770e-001  1.468470e-001  3.963340e-002
 2.432510e-001  1.462200e-001  3.933810e-002
 2.435250e-001  1.315180e-001  3.955410e-002
 2.437980e-001  1.669800e-001  3.927430e-002
 2.440720e-001  1.572270e-001  3.998290e-002
 2.443450e-001  1.937330e-001  4.000530e-002
 2.446190e-001  1.844540e-001  3.963490e-002
 2.448930e-001  2.247730e-001  3.899160e-002
 2.451660e-001  1.914250e-001  3.945250e-002
 2.454400e-001  7.145850e-002  3.956870e-002
 2.457140e-001  1.240390e-001  3.923230e-002
 2.459870e-001  1.811390e-001  3.926450e-002
 2.462610e-001  1.418010e-001  3.935390e-002
 2.465340e-001  1.755370e-001  3.946450e-002
 2.468080e-001  1.661910e-001  3.989670e-002
 2.470820e-001  1.487000e-001  3.983920e-002
 2.473550e-001  1.146490e-001  3.975380e-002
 2.476290e-001  1.431600e-001  3.995710e-002
 2.479020e-001  1.733770e-001  3.893770e-002
 2.481760e-001  1.538160e-001  3.925440e-002
 2.484500e-001  1.639770e-001  3.949540e-002
 2.487230e-001  1.183810e-001  3.967320e-002
 2.489970e-001  1.406690e-001  3.871740e-002
 2.492700e-001  1.786290e-001  3.884590e-002
 2.495440e-001  1.647440e-001  3.901310e-002
 2.498180e-001  1.535570e-001  3.862450e-002
 2.500910e-001  1.835190e-001  3.850530e-002
 2.503650e-001  1.511720e-001  3.860820e-002
 2.506390e-001  1.477230e-001  3.933660e-002
 2.509120e-001  2.059440e-001  3.941570e-002
 2.511860e-001  1.889460e-001  3.885820e-002
 2.514590e-001  1.644670e-001  3.793260e-002
 2.517330e-001  1.647320e-001  3.816300e-002
 2.520070e-001  1.453890e-001  3.916550e-002
 2.522800e-001  1.512990e-001  3.980680e-002
 2.525540e-001  1.813680e-001  3.884190e-002
 2.528270e-001  1.771130e-001  3.863750e-002
 2.531010e-001  1.697400e-001  3.828130e-002
 2.533750e-001  1.546160e-001  3.913430e-002
 2.536480e-001  1.418340e-001  3.928520e-002
 2.539220e-001  1.521800e-001  3.893450e-002
 2.541960e-001  1.523460e-001  3.876970e-002
 2.544690e-001  1.148590e-001  3.917940e-002
 2.547430e-001  1.105070e-001  3.878360e-002
 2.550160e-001  1.407920e-001  3.862850e-002
 2.552900e-001  1.570700e-001  3.878630e-002
 2.555640e-001  1.536430e-001  4.019130e-002
 2.558370e-001  9.157710e-002  3.976690e-002
 2.561110e-001  1.498250e-001  3.925480e-002
 2.563840e-001  1.761940e-001  3.820550e-002
 2.566580e-001  1.862620e-001  3.834260e-002
 2.569320e-001  1.717160e-001  3.895660e-002
 2.572050e-001  1.782520e-001  3.941650e-002
 2.574790e-001  1.824490e-001  3.880330e-002
 2.577520e-001  1.579080e-001  3.851130e-002
 2.580260e-001  1.492650e-001  3.855370e-002
 2.583000e-001  1.611630e-001  3.873400e-002
 2.585730e-001  1.736630e-001  3.984520e-002
 2.588470e-001  1.565100e-001  3.988550e-002
 2.591210e-001  1.471160e-001  4.056290e-002
 2.593940e-001  1.725790e-001  4.010790e-002
 2.596680e-001  1.404860e-001  4.389800e-002
 2.599410e-001  1.913480e-001  4.593480e-002
 2.602150e-001  1.909450e-001  4.678620e-002
 2.604890e-001  1.623210e-001  5.033770e-002
 2.607620e-001  1.833930e-001  5.327590e-002
 2.610360e-001  1.766580e-001  5.593140e-002
 2.613090e-001  1.606510e-001  5.420180e-002
 2.615830e-001  1.742510e-001  5.432310e-002
 2.618570e-001  1.566550e-001  5.542320e-002
 2.621300e-001  1.267910e-001  5.737960e-002
 2.624040e-001  1.328680e-001  5.809220e-002
 2.626780e-001  1.559540e-001  5.922640e-002
 2.629510e-001  1.233130e-001  5.168240e-002
 2.632250e-001  1.209930e-001  4.697770e-002
 2.634980e-001  1.196280e-001  4.494010e-002
 2.637720e-001  1.172220e-001  4.382980e-002
 2.640460e-001  1.711570e-001  4.349580e-002
 2.643190e-001  1.065270e-001  4.239010e-002
 2.645930e-001  1.174690e-001  4.214900e-002
 2.648660e-001  1.777620e-001  4.195300e-002
 2.651400e-001  1.865910e-001  4.189850e-002
 2.654140e-001  1.357930e-001  4.317390e-002
 2.656870e-001  1.601570e-001  4.292720e-002
 2.659610e-001  1.582520e-001  4.284420e-002
 2.662340e-001  2.070530e-001  4.291600e-002
 2.665080e-001  1.899130e-001  4.244850e-002
 2.667820e-001  2.050310e-001  4.226180e-002
 2.670550e-001  1.564410e-001  4.195160e-002
 2.673290e-001  1.335320e-001  4.206000e-002
 2.676030e-001  1.609420e-001  4.256350e-002
 2.678760e-001  1.829190e-001  4.232040e-002
 2.681500e-001  1.818460e-001  4.184410e-002
 2.684230e-001  1.101200e-001  4.231860e-002
 2.686970e-001  1.228080e-001  4.245070e-002
 2.689710e-001  1.257550e-001  4.254750e-002
 2.692440e-001  1.222890e-001  4.242890e-002
 2.695180e-001  1.574680e-001  4.190710e-002
 2.697910e-001  1.264210e-001  4.215710e-002
 2.700650e-001  1.873000e-001  4.203160e-002
 2.703390e-001  1.322470e-001  4.134120e-002
 2.706120e-001  1.679640e-001  4.212250e-002
 2.708860e-001  1.731990e-001  4.080310e-002
 2.711600e-001  1.824940e-001  4.055970e-002
 2.714330e-001  1.894580e-001  4.094230e-002
 2.717070e-001  1.857710e-001  4.169010e-002
 2.719800e-001  2.073720e-001  4.135720e-002
 2.722540e-001  1.615040e-001  4.089110e-002
 2.725280e-001  1.696360e-001  4.066300e-002
 2.728010e-001  1.769380e-001  4.102540e-002
 2.730750e-001  1.634130e-001  4.105760e-002
 2.733480e-001  1.520660e-001  4.131560e-002
 2.736220e-001  1.325010e-001  4.103270e-002
 2.738960e-001  2.087780e-001  4.080980e-002
 2.741690e-001  2.014960e-001  4.040130e-002
 2.744430e-001  1.459340e-001  3.935100e-002
 2.747160e-001  1.719420e-001  4.024120e-002
 2.749900e-001  1.602580e-001  3.955080e-002
 2.752640e-001  1.487540e-001  3.963800e-002
 2.755370e-001  1.666630e-001  3.850540e-002
 2.758110e-001  1.773540e-001  3.861300e-002
 2.760850e-001  1.072290e-001  3.889790e-002
 2.763580e-001  1.573010e-001  3.900450e-002
 2.766320e-001  1.750920e-001  3.887700e-002
 2.769050e-001  2.033780e-001  3.856060e-002
 2.771790e-001  1.819920e-001  3.874870e-002
 2.774530e-001  1.555220e-001  3.918010e-002
 2.777260e-001  1.938850e-001  3.886180e-002
 2.780000e-001  1.709880e-001  3.926290e-002
 2.782730e-001  1.751950e-001  3.959690e-002
 2.785470e-001  1.810010e-001  3.984440e-002
 2.788210e-001  1.954030e-001  4.025300e-002
 2.790940e-001  1.335150e-001  3.912450e-002
 2.793680e-001  1.472860e-001  3.973810e-002
 2.796420e-001  1.437120e-001  3.957850e-002
 2.799150e-001  1.787140e-001  3.866560e-002
 2.801890e-001  1.593620e-001  3.922370e-002
 2.804620e-001  1.755450e-001  3.974300e-002
 2.807360e-001  1.835110e-001  3.886940e-002
 2.810100e-001  2.074660e-001  3.899250e-002
 2.812830e-001  1.851000e-001  3.886130e-002
 2.815570e-001  1.610480e-001  3.951440e-002
 2.818300e-001  1.814120e-001  3.984040e-002
 2.821040e-001  1.832320e-001  4.025400e-002
 2.823780e-001  1.661320e-001  3.977950e-002
 2.826510e-001  1.614590e-001  3.942380e-002
 2.829250e-001  1.448820e-001  3.902090e-002
 2.831980e-001  9.472510e-002  3.924950e-002
 2.834720e-001  1.019640e-001  3.907970e-002
 2.837460e-001  1.826600e-001  3.908640e-002
 2.840190e-001  1.740170e-001  3.874400e-002
 2.842930e-001  1.596430e-001  3.930140e-002
 2.845670e-001  1.217860e-001  3.915320e-002
 2.848400e-001  1.498650e-001  3.901200e-002
 2.851140e-001  1.260760e-001  3.906750e-002
 2.853870e-001  1.220770e-001  3.961060e-002
 2.856610e-001  1.500060e-001  3.929130e-002
 2.859350e-001  1.053510e-001  3.938480e-002
 2.862080e-001  1.406050e-001  3.891590e-002
 2.864820e-001  1.695010e-001  3.916260e-002
 2.867550e-001  1.776730e-001  3.886590e-002
 2.870290e-001  2.064400e-001  3.907690e-002
 2.873030e-001  1.836310e-001  3.872060e-002
 2.875760e-001  1.894430e-001  3.940070e-002
 2.878500e-001  9.809760e-002  3.928480e-002
 2.881240e-001  1.643830e-001  3.972230e-002
 2.883970e-001  2.030290e-001  3.942110e-002
 2.886710e-001  1.410480e-001  3.850510e-002
 2.889440e-001  1.484330e-001  3.846020e-002
 2.892180e-001  1.691110e-001  3.911480e-002
 2.894920e-001  1.782850e-001  3.936510e-002
 2.897650e-001  1.571060e-001  3.863750e-002
 2.900390e-001  1.874830e-001  3.884460e-002
 2.903120e-001  1.476090e-001  3.959630e-002
 2.905860e-001  1.668480e-001  3.888770e-002
 2.908600e-001  1.423840e-001  3.887350e-002
 2.911330e-001  1.088530e-001  3.953750e-002
 2.914070e-001  1.402660e-001  4.005360e-002
 2.916800e-001  1.772990e-001  3.887960e-002
 2.919540e-001  1.418240e-001  3.854730e-002
 2.922280e-001  1.508880e-001  3.895230e-002
 2.925010e-001  1.542610e-001  3.877770e-002
 2.927750e-001  1.549820e-001  3.899780e-002
 2.930490e-001  1.595530e-001  3.827060e-002
 2.933220e-001  1.427350e-001  3.908480e-002
 2.935960e-001  1.683060e-001  3.938530e-002
 2.938690e-001  1.660250e-001  3.866240e-002
 2.941430e-001  1.722330e-001  3.927660e-002
 2.944170e-001  1.571250e-001  3.877580e-002
 2.946900e-001  1.686650e-001  3.829440e-002
 2.949640e-001  1.542430e-001  3.913620e-002
 2.952370e-001  1.845670e-001  3.995940e-002
 2.955110e-001  1.638980e-001  3.923280e-002
 2.957850e-001  1.483860e-001  3.942170e-002
 2.960580e-001  1.966160e-001  3.903640e-002
 2.963320e-001  1.815500e-001  3.860120e-002
 2.966060e-001  1.700670e-001  3.908920e-002
 2.968790e-001  1.330890e-001  3.937570e-002
 2.971530e-001  1.087920e-001  3.962200e-002
 2.974260e-001  1.353820e-001  3.977130e-002
 2.977000e-001  1.164460e-001  4.033560e-002
 2.979740e-001  1.392140e-001  3.916810e-002
 2.982470e-001  1.133340e-001  3.892060e-002
 2.985210e-001  1.192040e-001  3.876440e-002
 2.987940e-001  1.754060e-001  3.942330e-002
 2.990680e-001  1.604320e-001  3.936730e-002
 2.993420e-001  1.886030e-001  3.995640e-002
 2.996150e-001  1.516710e-001  4.022520e-002
 2.998890e-001  1.111710e-001  3.986510e-002
 3.001620e-001  1.297300e-001  3.865210e-002
 3.004360e-001  1.556080e-001  3.906920e-002
 3.007100e-001  1.529500e-001  3.887980e-002
 3.009830e-001  2.029180e-001  3.883980e-002
 3.012570e-001  1.891770e-001  3.908130e-002
 3.015310e-001  2.041280e-001  3.844620e-002
 3.018040e-001  1.605070e-001  3.837730e-002
 3.020780e-001  1.603140e-001  3.863150e-002
 3.023510e-001  1.671770e-001  3.973370e-002
 3.026250e-001  1.423700e-001  3.903350e-002
 3.028990e-001  1.393190e-001  3.935020e-002
 3.031720e-001  1.487600e-001  3.930980e-002
 3.034460e-001  2.026780e-001  3.942160e-002
 3.037190e-001  1.933870e-001  3.890160e-002
 3.039930e-001  1.631560e-001  3.871240e-002
 3.042670e-001  1.661700e-001  3.931850e-002
 3.045400e-001  1.558160e-001  3.872630e-002
 3.048140e-001  1.648130e-001  3.888080e-002
 3.050880e-001  1.600080e-001  3.899250e-002
 3.053610e-001  1.499820e-001  3.874700e-002
 3.056350e-001  2.011820e-001  3.986210e-002
 3.059080e-001  2.145300e-001  3.840780e-002
 3.061820e-001  1.524020e-001  3.846630e-002
 3.064560e-001  1.186050e-001  3.847600e-002
 3.067290e-001  1.598160e-001  3.833230e-002
 3.070030e-001  1.265080e-001  3.735700e-002
 3.072760e-001  1.625770e-001  3.754090e-002
 3.075500e-001  1.679930e-001  3.822620e-002
 3.078240e-001  1.539970e-001  3.925630e-002
 3.080970e-001  1.585790e-001  3.922010e-002
 3.083710e-001  1.400840e-001  3.991750e-002
 3.086440e-001  1.219200e-001  3.897630e-002
 3.089180e-001  1.467940e-001  3.856190e-002
 3.091920e-001  1.389800e-001  3.896810e-002
 3.094650e-001  1.774450e-001  3.919200e-002
 3.097390e-001  1.670200e-001  3.971420e-002
 3.100130e-001  1.492330e-001  3.899710e-002
 3.102860e-001  1.361650e-001  3.887980e-002
 3.105600e-001  1.442870e-001  3.830720e-002
 3.108330e-001  1.518350e-001  3.827750e-002
 3.111070e-001  2.041220e-001  3.867660e-002
 3.113810e-001  1.713500e-001  3.869980e-002
 3.116540e-001  1.433430e-001  3.865830e-002
 3.119280e-001  1.480110e-001  3.882460e-002
 3.122010e-001  1.434820e-001  3.932000e-002
 3.124750e-001  1.790530e-001  3.857360e-002
 3.127490e-001  1.781500e-001  3.873330e-002
 3.130220e-001  1.320590e-001  3.804650e-002
 3.132960e-001  1.410730e-001  3.832130e-002
 3.135700e-001  1.352640e-001  3.738640e-002
 3.138430e-001  1.584390e-001  3.740620e-002
 3.141170e-001  1.631650e-001  3.903980e-002
 3.143900e-001  1.349280e-001  3.880440e-002
 3.146640e-001  1.475960e-001  3.832780e-002
 3.149380e-001  1.868360e-001  3.842910e-002
 3.152110e-001  1.664590e-001  3.793710e-002
 3.154850e-001  1.684460e-001  3.857540e-002
 3.157580e-001  1.539870e-001  3.801710e-002
 3.160320e-001  8.373000e-002  3.847190e-002
 3.163060e-001  1.377690e-001  3.860160e-002
 3.165790e-001  1.107110e-001  3.826530e-002
 3.168530e-001  1.180780e-001  3.861890e-002
 3.171260e-001  1.474930e-001  3.841700e-002
 3.174000e-001  1.847210e-001  3.895350e-002
 3.176740e-001  1.367120e-001  3.872840e-002
 3.179470e-001  1.116540e-001  3.825840e-002
 3.182210e-001  1.687890e-001  3.803540e-002
 3.184950e-001  1.845110e-001  3.863300e-002
 3.187680e-001  1.933530e-001  3.837670e-002
 3.190420e-001  1.477440e-001  3.882020e-002
 3.193150e-001  1.515630e-001  3.861910e-002
 3.195890e-001  1.348970e-001  3.763050e-002
 3.198630e-001  1.102830e-001  3.818770e-002
 3.201360e-001  1.481580e-001  3.844600e-002
 3.204100e-001  8.777180e-002  3.838900e-002
 3.206830e-001  9.363530e-002  3.843560e-002
 3.209570e-001  1.009060e-001  3.793590e-002
 3.212310e-001  1.446450e-001  3.816840e-002
 3.215040e-001  1.394000e-001  3.908370e-002
 3.217780e-001  1.684290e-001  3.898670e-002
 3.220520e-001  1.577780e-001  3.853530e-002
 3.223250e-001  1.794130e-001  3.797120e-002
 3.225990e-001  1.396450e-001  3.770550e-002
 3.228720e-001  1.292840e-001  3.779360e-002
 3.231460e-001  1.420910e-001  3.795130e-002
 3.234200e-001  1.753420e-001  3.871900e-002
 3.236930e-001  1.615630e-001  3.821210e-002
 3.239670e-001  1.573530e-001  3.821190e-002
 3.242400e-001  1.055970e-001  3.734120e-002
 3.245140e-001  1.030560e-001  3.808720e-002
 3.247880e-001  1.121380e-001  3.799740e-002
 3.250610e-001  1.645200e-001  3.817270e-002
 3.253350e-001  1.330810e-001  3.785110e-002
 3.256080e-001  1.254000e-001  3.780800e-002
 3.258820e-001  1.826350e-001  3.758570e-002
 3.261560e-001  1.409520e-001  3.788350e-002
 3.264290e-001  1.326130e-001  3.844700e-002
 3.267030e-001  1.309150e-001  3.938630e-002
 3.269770e-001  1.100600e-001  3.839600e-002
 3.272500e-001  1.749830e-001  3.779960e-002
 3.275240e-001  1.418770e-001  3.821670e-002
 3.277970e-001  9.965080e-002  3.875720e-002
 3.280710e-001  1.301300e-001  3.911930e-002
 3.283450e-001  1.151950e-001  3.921320e-002
 3.286180e-001  1.148760e-001  3.896300e-002
 3.288920e-001  1.265520e-001  3.820210e-002
 3.291650e-001  9.206300e-002  3.743670e-002
 3.294390e-001  1.851130e-001  3.774570e-002
 3.297130e-001  1.602260e-001  3.852340e-002
 3.299860e-001  1.441000e-001  3.827020e-002
 3.302600e-001  1.184350e-001  3.786020e-002
 3.305340e-001  4.778450e-002  3.803950e-002
 3.308070e-001  6.963490e-002  3.890500e-002
 3.310810e-001  9.092960e-002  3.884600e-002
 3.313540e-001  7.055140e-002  3.775370e-002
 3.316280e-001  9.867510e-002  3.862000e-002
 3.319020e-001  1.188630e-001  3.843900e-002
 3.321750e-001  1.333190e-001  3.837320e-002
 3.324490e-001  1.806690e-001  3.848840e-002
 3.327220e-001  1.814420e-001  3.786890e-002
 3.329960e-001  1.626090e-001  3.858500e-002
 3.332700e-001  1.514700e-001  3.792650e-002
 3.335430e-001  1.365740e-001  3.828460e-002
 3.338170e-001  1.458900e-001  3.819290e-002
 3.340900e-001  8.998460e-002  3.790170e-002
 3.343640e-001  8.936150e-002  3.823990e-002
 3.346380e-001  1.042810e-001  3.818400e-002
 3.349110e-001  7.343370e-002  3.749670e-002
 3.351850e-001  1.784710e-001  3.764610e-002
 3.354590e-001  1.852530e-001  3.762010e-002
 3.357320e-001  1.189440e-001  3.829700e-002
 3.360060e-001  1.545570e-001  3.835140e-002
 3.362790e-001  1.456760e-001  3.820410e-002
 3.365530e-001  1.160680e-001  3.769210e-002
 3.368270e-001  1.053370e-001  3.840160e-002
 3.371000e-001  7.251890e-002  3.801170e-002
 3.373740e-001  8.481740e-002  3.837050e-002
 3.376470e-001  1.139520e-001  3.758310e-002
 3.379210e-001  9.874660e-002  3.768460e-002
 3.381950e-001  1.310730e-001  3.799150e-002
 3.384680e-001  1.255110e-001  3.835460e-002
 3.387420e-001  1.517280e-001  3.784070e-002
 3.390160e-001  1.182750e-001  3.764240e-002
 3.392890e-001  1.235910e-001  3.784340e-002
 3.395630e-001  1.222660e-001  3.869210e-002
 3.398360e-001  1.642450e-001  3.806090e-002
 3.401100e-001  1.359460e-001  3.821890e-002
 3.403840e-001  1.494410e-001  3.792680e-002
 3.406570e-001  1.389030e-001  3.861610e-002
 3.409310e-001  1.065930e-001  3.796430e-002
 3.412040e-001  1.561970e-001  3.842080e-002
 3.414780e-001  1.521050e-001  3.809020e-002
 3.417520e-001  1.019500e-001  3.859990e-002
 3.420250e-001  8.352210e-002  3.830200e-002
 3.422990e-001  9.080890e-002  3.759760e-002
 3.425720e-001  1.366220e-001  3.847890e-002
 3.428460e-001  1.089760e-001  3.810190e-002
 3.431200e-001  9.802120e-002  3.824480e-002
 3.433930e-001  5.325190e-002  3.801910e-002
 3.436670e-001  9.511160e-002  3.788870e-002
 3.439410e-001  9.210620e-002  3.775170e-002
 3.442140e-001  1.212350e-001  3.804230e-002
 3.444880e-001  1.541050e-001  3.852830e-002
 3.447610e-001  1.623390e-001  3.857530e-002
 3.450350e-001  1.279740e-001  3.764320e-002
 3.453090e-001  9.696010e-002  3.682980e-002
 3.455820e-001  1.141440e-001  3.765890e-002
 3.458560e-001  1.196410e-001  3.820540e-002
 3.461290e-001  1.259350e-001  3.803470e-002
 3.464030e-001  9.987710e-002  3.736660e-002
 3.466770e-001  9.981340e-002  3.799540e-002
 3.469500e-001  1.353210e-001  3.845790e-002
 3.472240e-001  1.732120e-001  3.877480e-002
 3.474980e-001  1.069200e-001  3.854460e-002
 3.477710e-001  1.081900e-001  3.905300e-002
 3.480450e-001  1.462590e-001  3.844740e-002
 3.483180e-001  1.528210e-001  3.833090e-002
 3.485920e-001  1.118550e-001  3.792150e-002
 3.488660e-001  1.803050e-001  3.787390e-002
 3.491390e-001  1.193310e-001  3.797230e-002
 3.494130e-001  9.098230e-002  3.802920e-002
 3.496860e-001  5.697550e-002  3.801940e-002
 3.499600e-001  1.174330e-001  3.806890e-002
 3.502340e-001  1.424270e-001  3.829720e-002
 3.505070e-001  1.182350e-001  3.846630e-002
 3.507810e-001  9.817640e-002  3.802370e-002
 3.510540e-001  1.198680e-001  3.762980e-002
 3.513280e-001  8.835480e-002  3.767810e-002
 3.516020e-001  1.203340e-001  3.767930e-002
 3.518750e-001  1.017840e-001  3.792330e-002
 3.521490e-001  1.285990e-001  3.742560e-002
 3.524230e-001  1.532640e-001  3.905560e-002
 3.526960e-001  1.498200e-001  3.866280e-002
 3.529700e-001  1.942730e-001  3.852810e-002
 3.532430e-001  1.671290e-001  3.775310e-002
 3.535170e-001  1.445740e-001  3.761770e-002
 3.537910e-001  6.212400e-002  3.768050e-002
 3.540640e-001  1.067960e-001  3.721440e-002
 3.543380e-001  1.444590e-001  3.804880e-002
 3.546110e-001  1.192120e-001  3.813330e-002
 3.548850e-001  1.414790e-001  3.852170e-002
 3.551590e-001  1.358620e-001  3.776590e-002
 3.554320e-001  1.269490e-001  3.805140e-002
 3.557060e-001  9.869210e-002  3.774340e-002
 3.559800e-001  1.063560e-001  3.819770e-002
 3.562530e-001  1.048160e-001  3.723090e-002
 3.565270e-001  1.018490e-001  3.791520e-002
 3.568000e-001  5.544060e-002  3.831590e-002
 3.570740e-001  1.466710e-001  3.814650e-002
 3.573480e-001  1.431370e-001  3.768100e-002
 3.576210e-001  1.234970e-001  3.706820e-002
 3.578950e-001  1.531150e-001  3.781310e-002
 3.581680e-001  1.356700e-001  3.838840e-002
 3.584420e-001  1.052890e-001  3.850410e-002
 3.587160e-001  7.379080e-002  3.798220e-002
 3.589890e-001  7.134480e-002  3.754530e-002
 3.592630e-001  1.250080e-001  3.787640e-002
 3.595360e-001  1.398600e-001  3.751340e-002
 3.598100e-001  1.612230e-001  3.752710e-002
 3.600840e-001  7.569210e-002  3.773070e-002
 3.603570e-001  9.591120e-002  3.757720e-002
 3.606310e-001  9.804310e-002  3.705140e-002
 3.609050e-001  1.285590e-001  3.706030e-002
 3.611780e-001  1.471710e-001  3.768000e-002
 3.614520e-001  9.632690e-002  3.844350e-002
 3.617250e-001  1.206510e-001  3.850040e-002
 3.619990e-001  1.205420e-001  3.755170e-002
 3.622730e-001  7.071680e-002  3.727120e-002
 3.625460e-001  8.509410e-002  3.729500e-002
 3.628200e-001  1.461050e-001  3.772810e-002
 3.630930e-001  8.334840e-002  3.803430e-002
 3.633670e-001  9.672750e-002  3.806650e-002
 3.636410e-001  1.349650e-001  3.790680e-002
 3.639140e-001  1.003310e-001  3.776500e-002
 3.641880e-001  9.731170e-002  3.663460e-002
 3.644620e-001  1.188300e-001  3.678730e-002
 3.647350e-001  1.563940e-001  3.795410e-002
 3.650090e-001  1.612800e-001  3.755750e-002
 3.652820e-001  1.018590e-001  3.811410e-002
 3.655560e-001  1.135440e-001  3.793150e-002
 3.658300e-001  9.540060e-002  3.730850e-002
 3.661030e-001  8.838510e-002  3.686210e-002
 3.663770e-001  1.077530e-001  3.724870e-002
 3.666500e-001  1.353300e-001  3.759930e-002
 3.669240e-001  1.572310e-001  3.759050e-002
 3.671980e-001  1.568560e-001  3.739600e-002
 3.674710e-001  1.389510e-001  3.825190e-002
 3.677450e-001  1.347800e-001  3.803640e-002
 3.680180e-001  9.152530e-002  3.752010e-002
 3.682920e-001  1.196300e-001  3.724370e-002
 3.685660e-001  1.198550e-001  3.739640e-002
 3.688390e-001  9.717170e-002  3.776900e-002
 3.691130e-001  9.700230e-002  3.768580e-002
 3.693870e-001  1.632720e-001  3.785410e-002
 3.696600e-001  1.112590e-001  3.802120e-002
 3.699340e-001  1.188120e-001  3.766840e-002
 3.702070e-001  1.019280e-001  3.736830e-002
 3.704810e-001  1.196530e-001  3.739120e-002
 3.707550e-001  1.091310e-001  3.778370e-002
 3.710280e-001  1.010550e-001  3.706550e-002
 3.713020e-001  9.004350e-002  3.746510e-002
 3.715750e-001  1.082900e-001  3.778620e-002
 3.718490e-001  1.068990e-001  3.742750e-002
 3.721230e-001  1.188500e-001  3.762650e-002
 3.723960e-001  1.408120e-001  3.798630e-002
 3.726700e-001  1.136830e-001  3.765770e-002
 3.729440e-001  7.460700e-002  3.782990e-002
 3.732170e-001  8.119430e-002  3.735540e-002
 3.734910e-001  1.001610e-001  3.810520e-002
 3.737640e-001  1.103430e-001  3.703610e-002
 3.740380e-001  6.343670e-002  3.704710e-002
 3.743120e-001  8.977790e-002  3.725970e-002
 3.745850e-001  1.079370e-001  3.749180e-002
 3.748590e-001  1.171860e-001  3.770210e-002
 3.751320e-001  9.182010e-002  3.811970e-002
 3.754060e-001  1.455810e-001  3.751470e-002
 3.756800e-001  1.286770e-001  3.838110e-002
 3.759530e-001  1.194370e-001  3.721000e-002
 3.762270e-001  1.130850e-001  3.750780e-002
 3.765000e-001  1.412630e-001  3.756950e-002
 3.767740e-001  1.282000e-001  3.778890e-002
 3.770480e-001  1.103980e-001  3.726080e-002
 3.773210e-001  1.261590e-001  3.780120e-002
 3.775950e-001  9.943330e-002  3.778560e-002
 3.778690e-001  5.848440e-002  3.745400e-002
 3.781420e-001  7.381650e-002  3.673100e-002
 3.784160e-001  9.446940e-002  3.770670e-002
 3.786890e-001  8.442070e-002  3.686930e-002
 3.789630e-001  6.010520e-002  3.717650e-002
 3.792370e-001  8.044460e-002  3.809700e-002
 3.795100e-001  8.253690e-002  3.719140e-002
 3.797840e-001  6.355310e-002  3.722550e-002
 3.800570e-001  8.485600e-002  3.776790e-002
 3.803310e-001  5.003070e-002  3.789140e-002
 3.806050e-001  9.566770e-002  3.695500e-002
 3.808780e-001  1.355620e-001  3.763900e-002
 3.811520e-001  1.113260e-001  3.813400e-002
 3.814260e-001  1.320270e-001  3.742300e-002
 3.816990e-001  9.807120e-002  3.643760e-002
 3.819730e-001  8.600740e-002  3.687410e-002
 3.822460e-001  5.478230e-002  3.739370e-002
 3.825200e-001  6.667350e-002  3.728580e-002
 3.827940e-001  4.192380e-002  3.724400e-002
 3.830670e-001  4.881530e-002  3.704200e-002
 3.833410e-001  4.873380e-002  3.775660e-002
 3.836140e-001  8.550920e-002  3.693880e-002
 3.838880e-001  1.127970e-001  3.675190e-002
 3.841620e-001  9.394400e-002  3.783850e-002
 3.844350e-001  1.078590e-001  3.787920e-002
 3.847090e-001  1.108810e-001  3.728250e-002
 3.849820e-001  9.089620e-002  3.699610e-002
 3.852560e-001  9.335000e-002  3.727790e-002
 3.855300e-001  8.394890e-002  3.720950e-002
 3.858030e-001  7.944020e-002  3.704480e-002
 3.860770e-001  8.650170e-002  3.689120e-002
 3.863510e-001  6.154060e-002  3.645350e-002
 3.866240e-001  7.671610e-002  3.730120e-002
 3.868980e-001  1.258360e-001  3.697770e-002
 3.871710e-001  1.107710e-001  3.763430e-002
 3.874450e-001  8.484500e-002  3.731730e-002
 3.877190e-001  8.922080e-002  3.769920e-002
 3.879920e-001  9.471710e-002  3.681220e-002
 3.882660e-001  1.021040e-001  3.709810e-002
 3.885390e-001  8.198610e-002  3.744840e-002
 3.888130e-001  3.120360e-002  3.659670e-002
 3.890870e-001  7.523920e-002  3.723740e-002
 3.893600e-001  7.167850e-002  3.759270e-002
 3.896340e-001  6.166810e-002  3.738920e-002
 3.899080e-001  8.240040e-002  3.744870e-002
 3.901810e-001  6.635030e-002  3.832910e-002
 3.904550e-001  1.064090e-001  3.725650e-002
 3.907280e-001  9.514080e-002  3.805780e-002
 3.910020e-001  1.221270e-001  3.750220e-002
 3.912760e-001  1.473160e-001  3.787280e-002
 3.915490e-001  1.261050e-001  3.754270e-002
 3.918230e-001  1.325260e-001  3.673980e-002
 3.920960e-001  9.293100e-002  3.716220e-002
 3.923700e-001  7.291470e-002  3.734530e-002
 3.926440e-001  1.090680e-001  3.765930e-002
 3.929170e-001  1.001600e-001  3.734250e-002
 3.931910e-001  8.168510e-002  3.763010e-002
 3.934640e-001  9.307030e-002  3.714180e-002
 3.937380e-001  9.637390e-002  3.758310e-002
 3.940120e-001  4.552130e-002  3.776570e-002
 3.942850e-001  3.952200e-002  3.783060e-002
 3.945590e-001  5.921960e-002  3.804030e-002
 3.948330e-001  6.985070e-002  3.766880e-002
 3.951060e-001  1.020230e-001  4.239070e-002
 3.953800e-001  7.603880e-002  4.638110e-002
 3.956530e-001  8.048210e-002  4.811420e-002
 3.959270e-001  1.199690e-001  5.082020e-002
 3.962010e-001  3.975210e-002  5.393660e-002
 3.964740e-001  1.029340e-001  5.369730e-002
 3.967480e-001  1.197070e-001  5.598940e-002
 3.970210e-001  8.369550e-002  5.666730e-002
 3.972950e-001  1.354850e-001  5.798570e-002
 3.975690e-001  1.067430e-001  5.879590e-002
 3.978420e-001  1.230280e-001  5.117580e-002
 3.981160e-001  1.213970e-001  4.514240e-002
 3.983900e-001  6.448350e-002  4.232910e-002
 3.986630e-001  4.269650e-002  4.013790e-002
 3.989370e-001  7.014440e-002  4.025590e-002
 3.992100e-001  6.921570e-002  4.053740e-002
 3.994840e-001  4.783210e-002  4.062840e-002
 3.997580e-001  1.072800e-001  3.976840e-002
 4.000310e-001  1.459450e-001  4.002760e-002
 4.003050e-001  7.663700e-002  4.036910e-002
 4.005780e-001  7.733710e-002  4.068110e-002
 4.008520e-001  9.348220e-002  3.987880e-002
 4.011260e-001  1.014470e-001  4.014610e-002
 4.013990e-001  3.163610e-002  3.954060e-002
 4.016730e-001  1.021720e-001  3.895220e-002
 4.019460e-001  1.512890e-001  3.905160e-002
 4.022200e-001  9.918790e-002  3.917560e-002
 4.024940e-001  1.159800e-001  3.892590e-002
 4.027670e-001  1.367760e-001  3.845830e-002
 4.030410e-001  1.011240e-001  3.875080e-002
 4.033150e-001  3.020250e-002  3.834500e-002
 4.035880e-001  6.205720e-002  3.878680e-002
 4.038620e-001  8.021860e-002  3.883530e-002
 4.041350e-001  5.093550e-002  3.827200e-002
 4.044090e-001  7.404040e-002  3.866760e-002
 4.046830e-001  7.614300e-002  3.839900e-002
 4.049560e-001  6.615660e-002  3.777610e-002
 4.052300e-001  9.665750e-002  3.783540e-002
 4.055030e-001  9.747540e-002  3.764000e-002
 4.057770e-001  1.137010e-001  3.757190e-002
 4.060510e-001  8.870400e-002  3.687000e-002
 4.063240e-001  5.709780e-002  3.612590e-002
 4.065980e-001  7.109080e-002  3.580080e-002
 4.068720e-001  1.113350e-001  3.694870e-002
 4.071450e-001  1.196940e-001  3.632530e-002
 4.074190e-001  1.294630e-001  3.628090e-002
 4.076920e-001  1.157140e-001  3.667180e-002
 4.079660e-001  9.230650e-002  3.626220e-002
 4.082400e-001  3.248970e-002  3.631560e-002
 4.085130e-001  5.973630e-002  3.637940e-002
 4.087870e-001  1.061180e-001  3.689040e-002
 4.090600e-001  1.276240e-001  3.601640e-002
 4.093340e-001  1.251810e-001  3.635340e-002
 4.096080e-001  1.081230e-001  3.666630e-002
 4.098810e-001  9.589120e-002  3.602980e-002
 4.101550e-001  7.597890e-002  3.650390e-002
 4.104280e-001  8.780710e-002  3.698780e-002
 4.107020e-001  8.591120e-002  3.697020e-002
 4.109760e-001  1.183500e-001  3.710890e-002
 4.112490e-001  1.196510e-001  3.704910e-002
 4.115230e-001  1.115580e-001  3.700880e-002
 4.117970e-001  1.169670e-001  3.642670e-002
 4.120700e-001  1.395660e-001  3.626280e-002
 4.123440e-001  7.449480e-002  3.613850e-002
 4.126170e-001  6.497260e-002  3.608690e-002
 4.128910e-001  7.256370e-002  3.614540e-002
 4.131650e-001  6.549840e-002  3.681600e-002
 4.134380e-001  9.906460e-002  3.655660e-002
 4.137120e-001  6.730040e-002  3.652800e-002
 4.139850e-001  8.027510e-002  3.720910e-002
 4.142590e-001  1.366650e-001  3.703020e-002
 4.145330e-001  8.802660e-002  3.714900e-002
 4.148060e-001  1.138910e-001  3.659620e-002
 4.150800e-001  7.191620e-002  3.639540e-002
 4.153540e-001  9.223120e-002  3.663760e-002
 4.156270e-001  7.196680e-002  3.652910e-002
 4.159010e-001  1.168470e-001  3.713520e-002
 4.161740e-001  9.140700e-002  3.702790e-002
 4.164480e-001  9.191190e-002  3.654910e-002
 4.167220e-001  1.411240e-001  3.672220e-002
 4.169950e-001  1.607860e-001  3.668440e-002
 4.172690e-001  9.277760e-002  3.672790e-002
 4.175420e-001  8.695750e-002  3.573420e-002
 4.178160e-001  6.694450e-002  3.701900e-002
 4.180900e-001  6.378560e-002  3.746060e-002
 4.183630e-001  8.060600e-002  3.689920e-002
 4.186370e-001  6.902400e-002  3.635780e-002
 4.189100e-001  5.984320e-002  3.637110e-002
 4.191840e-001  1.183820e-001  3.580390e-002
 4.194580e-001  1.094080e-001  3.675460e-002
 4.197310e-001  6.377140e-002  3.620320e-002
 4.200050e-001  9.158850e-002  3.661520e-002
 4.202790e-001  1.201690e-001  3.685050e-002
 4.205520e-001  1.266240e-001  3.653340e-002
 4.208260e-001  1.288210e-001  3.672170e-002
 4.210990e-001  1.313420e-001  3.659890e-002
 4.213730e-001  1.100860e-001  3.682790e-002
 4.216470e-001  6.538580e-002  3.655770e-002
 4.219200e-001  1.356190e-001  3.700570e-002
 4.221940e-001  1.140970e-001  3.708500e-002
 4.224670e-001  7.356870e-002  3.709080e-002
 4.227410e-001  8.490240e-002  3.660390e-002
 4.230150e-001  4.432720e-002  3.627910e-002
 4.232880e-001  1.106550e-001  3.653490e-002
 4.235620e-001  9.234630e-002  3.636420e-002
 4.238360e-001  1.159830e-001  3.646950e-002
 4.241090e-001  8.207260e-002  3.692440e-002
 4.243830e-001  8.436820e-002  3.611790e-002
 4.246560e-001  9.713180e-002  3.668120e-002
 4.249300e-001  5.554690e-002  3.644630e-002
 4.252040e-001  9.295760e-002  3.616090e-002
 4.254770e-001  9.761670e-002  3.688050e-002
 4.257510e-001  1.448620e-001  3.753090e-002
 4.260240e-001  1.181590e-001  3.626890e-002
 4.262980e-001  1.183300e-001  3.596770e-002
 4.265720e-001  1.078190e-001  3.626830e-002
 4.268450e-001  1.211650e-001  3.648840e-002
 4.271190e-001  6.634980e-002  3.645950e-002
 4.273920e-001  7.614960e-002  3.552470e-002
 4.276660e-001  1.133550e-001  3.619100e-002
 4.279400e-001  8.952940e-002  3.737220e-002
 4.282130e-001  7.655890e-002  3.600990e-002
 4.284870e-001  8.791970e-002  3.633080e-002
 4.287610e-001  9.162160e-002  3.696100e-002
 4.290340e-001  8.745740e-002  3.628800e-002
 4.293080e-001  1.218330e-001  3.611690e-002
 4.295810e-001  8.052620e-002  3.587620e-002
 4.298550e-001  8.744480e-002  3.611590e-002
 4.301290e-001  1.029250e-001  3.691440e-002
 4.304020e-001  1.072710e-001  3.651640e-002
 4.306760e-001  1.156260e-001  3.616170e-002
 4.309490e-001  1.041690e-001  3.555880e-002
 4.312230e-001  8.215340e-002  3.680300e-002
 4.314970e-001  9.470320e-002  3.651880e-002
 4.317700e-001  7.462640e-002  3.575930e-002
 4.320440e-001  8.721820e-002  3.621570e-002
 4.323180e-001  1.056210e-001  3.649130e-002
 4.325910e-001  1.092610e-001  3.548690e-002
 4.328650e-001  8.465500e-002  3.654220e-002
 4.331380e-001  7.655420e-002  3.539160e-002
 4.334120e-001  8.304530e-002  3.576230e-002
 4.336860e-001  7.406960e-002  3.664270e-002
 4.339590e-001  4.467030e-002  3.625110e-002
 4.342330e-001  8.094450e-002  3.695170e-002
 4.345060e-001  9.684010e-002  3.677780e-002
 4.347800e-001  9.289550e-002  3.597690e-002
 4.350540e-001  7.475610e-002  3.586830e-002
 4.353270e-001  9.423580e-002  3.619860e-002
 4.356010e-001  1.261570e-001  3.653510e-002
 4.358740e-001  7.353610e-002  3.655660e-002
 4.361480e-001  9.425540e-002  3.674760e-002
 4.364220e-001  8.963430e-002  3.637750e-002
 4.366950e-001  1.087970e-001  3.617880e-002
 4.369690e-001  8.243090e-002  3.545210e-002
 4.372430e-001  1.146110e-001  3.632250e-002
 4.375160e-001  7.461380e-002  3.544190e-002
 4.377900e-001  3.286090e-002  3.602610e-002
 4.380630e-001  6.225000e-002  3.632510e-002
 4.383370e-001  5.671210e-002  3.664680e-002
 4.386110e-001  1.312390e-001  3.679890e-002
 4.388840e-001  1.015680e-001  3.638510e-002
 4.391580e-001  1.284340e-001  3.618310e-002
 4.394310e-001  1.048630e-001  3.603350e-002
 4.397050e-001  1.250000e-001  3.575180e-002
 4.399790e-001  1.151780e-001  3.646330e-002
 4.402520e-001  1.589120e-001  3.619950e-002
 4.405260e-001  9.924400e-002  3.647390e-002
 4.408000e-001  6.850880e-002  3.643930e-002
 4.410730e-001  1.068450e-001  3.634970e-002
 4.413470e-001  9.123650e-002  3.607170e-002
 4.416200e-001  1.292270e-001  3.593650e-002
 4.418940e-001  1.009030e-001  3.607800e-002
 4.421680e-001  1.029110e-001  3.632800e-002
 4.424410e-001  1.045840e-001  3.566170e-002
 4.427150e-001  1.270060e-001  3.626630e-002
 4.429880e-001  1.514670e-001  3.624180e-002
 4.432620e-001  1.625050e-001  3.614160e-002
 4.435360e-001  8.822670e-002  3.604250e-002
 4.438090e-001  7.072410e-002  3.627040e-002
 4.440830e-001  1.061700e-001  3.589800e-002
 4.443560e-001  9.598180e-002  3.683890e-002
 4.446300e-001  8.695240e-002  3.687540e-002
 4.449040e-001  9.041810e-002  3.677280e-002
 4.451770e-001  1.034950e-001  3.604290e-002
 4.454510e-001  1.390140e-001  3.651090e-002
 4.457250e-001  7.288650e-002  3.615750e-002
 4.459980e-001  5.728380e-002  3.583430e-002
 4.462720e-001  8.492840e-002  3.596030e-002
 4.465450e-001  1.051060e-001  3.595230e-002
 4.468190e-001  9.493630e-002  3.607610e-002
 4.470930e-001  6.222980e-002  3.564020e-002
 4.473660e-001  8.066240e-002  3.553430e-002
 4.476400e-001  1.138370e-001  3.616230e-002
 4.479130e-001  1.237160e-001  3.558280e-002
 4.481870e-001  1.173890e-001  3.594610e-002
 4.484610e-001  8.547820e-002  3.694650e-002
 4.487340e-001  9.558310e-002  3.655110e-002
 4.490080e-001  1.055740e-001  3.590490e-002
 4.492820e-001  1.269160e-001  3.544370e-002
 4.495550e-001  1.116530e-001  3.556640e-002
 4.498290e-001  1.056170e-001  3.579040e-002
 4.501020e-001  1.059580e-001  3.504690e-002
 4.503760e-001  9.545420e-002  3.594810e-002
 4.506500e-001  1.006660e-001  3.673590e-002
 4.509230e-001  9.646440e-002  3.562630e-002
 4.511970e-001  1.349330e-001  3.687380e-002
 4.514700e-001  1.129020e-001  3.650210e-002
 4.517440e-001  1.090050e-001  3.589570e-002
 4.520180e-001  7.926330e-002  3.560730e-002
 4.522910e-001  1.035670e-001  3.567770e-002
 4.525650e-001  1.444920e-001  3.686460e-002
 4.528380e-001  8.862800e-002  3.587930e-002
 4.531120e-001  5.705660e-002  3.607060e-002
 4.533860e-001  8.674560e-002  3.611660e-002
 4.536590e-001  1.051880e-001  3.588020e-002
 4.539330e-001  1.231720e-001  3.600500e-002
 4.542070e-001  1.030390e-001  3.589610e-002
 4.544800e-001  6.625630e-002  3.599460e-002
 4.547540e-001  6.606600e-002  3.645950e-002
 4.550270e-001  7.825900e-002  3.590180e-002
 4.553010e-001  6.477110e-002  3.625720e-002
 4.555750e-001  6.348010e-002  3.570970e-002
 4.558480e-001  1.099190e-001  3.617360e-002
 4.561220e-001  9.079520e-002  3.594750e-002
 4.563950e-001  1.063740e-001  3.523420e-002
 4.566690e-001  9.331250e-002  3.567350e-002
 4.569430e-001  1.169040e-001  3.641510e-002
 4.572160e-001  1.089670e-001  3.639930e-002
 4.574900e-001  6.216140e-002  3.571160e-002
 4.577640e-001  8.332380e-002  3.644740e-002
 4.580370e-001  1.129110e-001  3.669440e-002
 4.583110e-001  7.961070e-002  3.630550e-002
 4.585840e-001  1.091540e-001  3.563130e-002
 4.588580e-001  1.215850e-001  3.661040e-002
 4.591320e-001  5.035290e-002  3.597350e-002
 4.594050e-001  8.296620e-002  3.564170e-002
 4.596790e-001  8.319120e-002  3.520280e-002
 4.599520e-001  4.975380e-002  3.526310e-002
 4.602260e-001  4.811030e-002  3.553300e-002
 4.605000e-001  5.205360e-002  3.666470e-002
 4.607730e-001  1.250180e-001  3.619800e-002
 4.610470e-001  9.974250e-002  3.608820e-002
 4.613200e-001  8.522780e-002  3.633230e-002
 4.615940e-001  9.197890e-002  3.614210e-002
 4.618680e-001  6.644200e-002  3.646820e-002
 4.621410e-001  6.035820e-002  3.614400e-002
 4.624150e-001  8.018360e-002  3.573050e-002
 4.626890e-001  1.091520e-001  3.624570e-002
 4.629620e-001  9.558070e-002  3.578720e-002
 4.632360e-001  9.347250e-002  3.585800e-002
 4.635090e-001  9.659710e-002  3.529920e-002
 4.637830e-001  8.200190e-002  3.569190e-002
 4.640570e-001  9.124120e-002  3.544330e-002
 4.643300e-001  1.119260e-001  3.600290e-002
 4.646040e-001  7.960830e-002  3.524420e-002
 4.648770e-001  9.640660e-002  3.551780e-002
 4.651510e-001  6.159060e-002  3.554120e-002
 4.654250e-001  1.807030e-002  3.593580e-002
 4.656980e-001  3.710590e-002  3.616270e-002
 4.659720e-001  8.339490e-002  3.590240e-002
 4.662460e-001  1.137640e-001  3.573990e-002
 4.665190e-001  8.578590e-002  3.619440e-002
 4.667930e-001  9.108910e-002  3.539610e-002
 4.670660e-001  8.898850e-002  3.568450e-002
 4.673400e-001  9.143120e-002  3.537910e-002
 4.676140e-001  7.339100e-002  3.592390e-002
 4.678870e-001  9.507450e-002  3.626860e-002
 4.681610e-001  8.172470e-002  3.543020e-002
 4.684340e-001  8.471800e-002  3.626830e-002
 4.687080e-001  8.170650e-002  3.575430e-002
 4.689820e-001  5.018810e-002  3.603870e-002
 4.692550e-001  9.144920e-002  3.596660e-002
 4.695290e-001  6.898310e-002  3.599290e-002
 4.698020e-001  6.249810e-002  3.611820e-002
 4.700760e-001  1.144950e-001  3.528570e-002
 4.703500e-001  1.216020e-001  3.572360e-002
 4.706230e-001  8.514870e-002  3.632140e-002
 4.708970e-001  8.951840e-002  3.657440e-002
 4.711710e-001  1.210500e-001  3.597560e-002
 4.714440e-001  9.128220e-002  3.563790e-002
 4.717180e-001  7.723030e-002  3.586430e-002
 4.719910e-001  6.449630e-002  3.585180e-002
 4.722650e-001  5.888870e-002  3.620490e-002
 4.725390e-001  1.573080e-001  3.594950e-002
 4.728120e-001  1.497370e-001  3.644050e-002
 4.730860e-001  9.722330e-002  3.655720e-002
 4.733590e-001  1.379120e-001  3.555730e-002
 4.736330e-001  1.128280e-001  3.631320e-002
 4.739070e-001  1.057710e-001  3.643120e-002
 4.741800e-001  1.200370e-001  3.600410e-002
 4.744540e-001  1.072950e-001  3.517640e-002
 4.747280e-001  8.447600e-002  3.570900e-002
 4.750010e-001  9.146700e-002  3.617260e-002
 4.752750e-001  7.657600e-002  3.614520e-002
 4.755480e-001  1.111030e-001  3.659080e-002
 4.758220e-001  8.538890e-002  3.542750e-002
 4.760960e-001  8.435260e-002  3.588090e-002
 4.763690e-001  1.034000e-001  3.579380e-002
 4.766430e-001  9.566630e-002  3.561940e-002
 4.769160e-001  9.297040e-002  3.543620e-002
 4.771900e-001  1.153370e-001  3.485200e-002
 4.774640e-001  9.246430e-002  3.557490e-002
 4.777370e-001  8.879180e-002  3.555750e-002
 4.780110e-001  1.010180e-001  3.543180e-002
 4.782840e-001  9.222040e-002  3.560060e-002
 4.785580e-001  9.544100e-002  3.606960e-002
 4.788320e-001  9.130380e-002  3.606820e-002
 4.791050e-001  1.417390e-001  3.573410e-002
 4.793790e-001  1.348390e-001  3.584070e-002
 4.796530e-001  1.033050e-001  3.584040e-002
 4.799260e-001  1.014170e-001  3.539480e-002
 4.802000e-001  9.941680e-002  3.528980e-002
 4.804730e-001  7.768590e-002  3.631020e-002
 4.807470e-001  9.568320e-002  3.648540e-002
 4.810210e-001  2.458010e-002  3.580930e-002
 4.812940e-001  7.981930e-002  3.523440e-002
 4.815680e-001  8.241140e-002  3.566040e-002
 4.818410e-001  5.162820e-002  3.624850e-002
 4.821150e-001  9.724150e-002  3.559250e-002
 4.823890e-001  7.514270e-002  3.616180e-002
 4.826620e-001  8.446100e-002  3.573560e-002
 4.829360e-001  1.129270e-001  3.590510e-002
 4.832100e-001  9.796020e-002  3.510240e-002
 4.834830e-001  1.080170e-001  3.500300e-002
 4.837570e-001  1.212840e-001  3.586230e-002
 4.840300e-001  7.090700e-002  3.569000e-002
 4.843040e-001  1.143380e-001  3.608850e-002
 4.845780e-001  1.343920e-001  3.596640e-002
 4.848510e-001  1.816670e-001  3.646020e-002
 4.851250e-001  1.025050e-001  3.637290e-002
 4.853980e-001  9.492250e-002  3.504740e-002
 4.856720e-001  1.300520e-001  3.496400e-002
 4.859460e-001  1.198050e-001  3.625150e-002
 4.862190e-001  1.187630e-001  3.574900e-002
 4.864930e-001  6.748670e-002  3.518220e-002
 4.867660e-001  1.321420e-001  3.565500e-002
 4.870400e-001  1.674780e-001  3.635370e-002
 4.873140e-001  1.317560e-001  3.633130e-002
 4.875870e-001  6.976620e-002  3.589810e-002
 4.878610e-001  7.706080e-002  3.561850e-002
 4.881350e-001  9.571110e-002  3.653870e-002
 4.884080e-001  6.968000e-002  3.534660e-002
 4.886820e-001  1.054070e-001  3.491590e-002
 4.889550e-001  1.020260e-001  3.547260e-002
 4.892290e-001  1.017820e-001  3.589650e-002
 4.895030e-001  7.480760e-002  3.636400e-002
 4.897760e-001  5.786150e-002  3.584220e-002
 4.900500e-001  7.103330e-002  3.594350e-002
 4.903230e-001  7.814180e-002  3.503240e-002
 4.905970e-001  4.849100e-002  3.512970e-002
 4.908710e-001  7.436810e-002  3.588680e-002
 4.911440e-001  7.561320e-002  3.583760e-002
 4.914180e-001  1.057300e-001  3.495010e-002
 4.916920e-001  1.071260e-001  3.548350e-002
 4.919650e-001  1.207200e-001  3.541370e-002
 4.922390e-001  9.735320e-002  3.548170e-002
 4.925120e-001  1.266440e-001  3.640920e-002
 4.927860e-001  6.190010e-002  3.618380e-002
 4.930600e-001  6.640860e-002  3.618220e-002
 4.933330e-001  8.133290e-002  3.508560e-002
 4.936070e-001  5.939230e-002  3.561800e-002
 4.938800e-001  1.124230e-001  3.554010e-002
 4.941540e-001  1.316230e-001  3.618140e-002
 4.944280e-001  9.745830e-002  3.492080e-002
 4.947010e-001  1.068360e-001  3.557270e-002
 4.949750e-001  1.120260e-001  3.610400e-002
 4.952480e-001  8.831890e-002  3.618690e-002
 4.955220e-001  9.939940e-002  3.575690e-002
 4.957960e-001  1.363640e-001  3.621570e-002
 4.960690e-001  7.307120e-002  3.605900e-002
 4.963430e-001  8.117270e-002  3.585930e-002
 4.966170e-001  8.942900e-002  3.585230e-002
 4.968900e-001  9.194500e-002  3.687480e-002
 4.971640e-001  1.299380e-001  3.521710e-002
 4.974370e-001  1.127110e-001  3.478910e-002
 4.977110e-001  1.232720e-001  3.546400e-002
 4.979850e-001  9.164620e-002  3.625580e-002
 4.982580e-001  7.567270e-002  3.610580e-002
 4.985320e-001  5.168860e-002  3.581260e-002
 4.988050e-001  1.097910e-001  3.595680e-002
 4.990790e-001  9.554650e-002  3.569710e-002
 4.993530e-001  1.028320e-001  3.640340e-002
 4.996260e-001  6.167970e-002  3.598710e-002
 4.999000e-001  5.995070e-002  3.570130e-002
